0  0  1.212323e+08
0  1  1.481873e+07
0  2  3.472058e+05
0  3  2.121766e+05
0  4  4.698170e+04
0  5  2.084444e+05
0  6  2.118929e+05
0  7  -1.274222e+04
0  8  8.313823e+04
0  9  -6.646077e+04
0  10  -1.763436e+03
0  11  2.040213e+03
0  12  -1.064399e+04
0  13  4.433829e+04
0  14  9.066732e+03
0  15  -8.858443e+03
0  16  4.306557e+04
0  17  3.136576e+04
0  18  2.900802e+04
0  19  5.574865e+03
0  20  6.958700e+03
0  21  6.880440e+03
0  22  2.239426e+04
0  23  2.413175e+03
0  24  1.309029e+04
0  25  5.569054e+03
0  26  -7.148173e+03
0  27  -7.308471e+03
0  28  -1.235696e+03
0  29  -1.033029e+03
0  30  -5.391947e+03
0  31  -8.426059e+03
0  32  -6.014746e+03
0  33  1.865300e+03
0  34  -1.272752e+03
0  35  -1.510090e+04
0  36  -1.415359e+04
0  37  -7.843631e+03
0  38  -5.181118e+03
0  39  -1.643196e+04
0  40  4.409260e+07
0  41  2.964629e+07
0  42  3.406357e+06
0  43  1.267499e+06
0  44  2.139181e+05
0  45  -1.173239e+05
0  46  5.347918e+05
0  47  1.326339e+05
0  48  9.289647e+04
0  49  4.320420e+04
0  50  -2.852185e+03
0  51  -3.401148e+04
0  52  -7.107322e+04
0  53  -6.744411e+04
0  54  -4.218091e+04
0  55  -8.311972e+04
0  56  -1.542426e+04
0  57  4.191855e+04
0  58  -7.575664e+04
0  59  -2.975180e+04
0  60  -2.420447e+03
0  61  -4.596352e+04
0  62  -1.455221e+04
0  63  -1.147087e+04
0  64  -5.423026e+04
0  65  -5.342523e+04
0  66  -3.982233e+04
0  67  -5.590566e+04
0  68  -2.885210e+04
0  69  -3.182003e+04
0  70  -3.587580e+04
0  71  -2.546220e+04
0  72  -2.932510e+04
0  73  -5.301026e+04
0  74  -4.651434e+04
0  75  -3.955272e+04
0  76  -2.545776e+04
0  77  -4.984506e+04
0  78  -7.524878e+03
0  79  -1.968486e+04
1  0  1.481873e+07
1  1  2.679154e+07
1  2  2.770756e+06
1  3  -6.200804e+04
1  4  1.944412e+05
1  5  1.542568e+05
1  6  1.780545e+04
1  7  5.603748e+04
1  8  4.922177e+04
1  9  5.676180e+04
1  10  3.756185e+04
1  11  2.389449e+04
1  12  3.584289e+03
1  13  1.031364e+04
1  14  1.440256e+04
1  15  1.794212e+04
1  16  2.148839e+04
1  17  2.410196e+04
1  18  2.352976e+04
1  19  2.412460e+03
1  20  -1.179525e+03
1  21  -3.957219e+03
1  22  1.401938e+03
1  23  -6.251976e+03
1  24  -1.002050e+04
1  25  -6.768021e+03
1  26  -3.920543e+03
1  27  -7.762561e+03
1  28  -4.425333e+03
1  29  -5.862696e+03
1  30  -6.229382e+03
1  31  -3.476362e+03
1  32  -5.790630e+03
1  33  -5.713052e+03
1  34  -8.168000e+03
1  35  -5.530278e+03
1  36  -9.667254e+03
1  37  -6.179511e+03
1  38  -8.205609e+03
1  39  -5.690906e+03
1  40  9.388421e+06
1  41  1.572205e+07
1  42  6.261153e+06
1  43  3.064305e+05
1  44  7.474343e+05
1  45  1.428748e+05
1  46  -1.144066e+05
1  47  -7.633582e+04
1  48  3.882892e+04
1  49  7.925517e+04
1  50  5.737404e+04
1  51  -1.121872e+04
1  52  -1.759737e+04
1  53  -2.620354e+03
1  54  2.147715e+04
1  55  -9.583732e+03
1  56  2.086337e+04
1  57  1.135368e+04
1  58  -1.700148e+04
1  59  -4.637676e+03
1  60  -3.832552e+03
1  61  -2.278038e+04
1  62  -1.408520e+04
1  63  7.503031e+03
1  64  -1.599635e+04
1  65  2.647623e+02
1  66  -1.534488e+04
1  67  -2.384486e+04
1  68  -1.454394e+03
1  69  -7.890357e+03
1  70  -7.573615e+03
1  71  -4.129971e+03
1  72  -2.114003e+04
1  73  -1.785956e+04
1  74  -1.493370e+04
1  75  -2.233689e+04
1  76  -1.366863e+04
1  77  -1.869343e+04
1  78  -4.973359e+03
1  79  -9.653419e+03
2  0  3.472058e+05
2  1  2.770756e+06
2  2  7.997847e+06
2  3  8.533599e+05
2  4  9.392144e+04
2  5  1.425557e+05
2  6  -8.144673e+03
2  7  -3.050834e+02
2  8  1.552651e+04
2  9  3.022545e+04
2  10  2.344025e+04
2  11  2.299564e+04
2  12  8.289981e+03
2  13  5.478960e+03
2  14  6.470858e+03
2  15  1.082736e+04
2  16  1.255382e+04
2  17  2.193944e+03
2  18  1.217471e+04
2  19  1.246963e+03
2  20  -9.638724e+02
2  21  4.627730e+01
2  22  3.779790e+03
2  23  3.829850e+03
2  24  -1.113148e+03
2  25  -2.167091e+03
2  26  -4.480062e+02
2  27  -9.700249e+02
2  28  -7.386973e+02
2  29  1.171375e+03
2  30  8.735926e+02
2  31  -2.031865e+03
2  32  -1.010129e+03
2  33  -1.498412e+03
2  34  -9.583653e+02
2  35  -2.404178e+03
2  36  -2.332905e+03
2  37  -2.812248e+03
2  38  -2.391789e+03
2  39  -3.358268e+02
2  40  1.952048e+06
2  41  4.005689e+06
2  42  5.479780e+06
2  43  1.576966e+06
2  44  2.215921e+05
2  45  1.421073e+05
2  46  1.240303e+05
2  47  8.213767e+02
2  48  5.368089e+04
2  49  -1.850812e+03
2  50  -6.067721e+03
2  51  1.025775e+04
2  52  4.545584e+04
2  53  -1.753715e+04
2  54  5.662649e+03
2  55  1.426405e+04
2  56  2.372495e+04
2  57  9.432263e+03
2  58  -2.534084e+03
2  59  3.773670e+03
2  60  4.993087e+03
2  61  -3.117495e+03
2  62  6.022038e+03
2  63  4.158777e+02
2  64  -5.124099e+03
2  65  3.952977e+03
2  66  -2.935699e+03
2  67  -5.137393e+03
2  68  -5.827253e+02
2  69  -1.969187e+03
2  70  -3.069219e+03
2  71  -6.092265e+03
2  72  -3.667696e+03
2  73  -3.192556e+03
2  74  -1.919410e+03
2  75  -5.538483e+03
2  76  -5.236355e+03
2  77  -4.070234e+03
2  78  -6.216179e+03
2  79  -2.469024e+03
3  0  2.121766e+05
3  1  -6.200804e+04
3  2  8.533599e+05
3  3  2.574714e+06
3  4  2.987940e+05
3  5  1.103069e+05
3  6  5.290682e+04
3  7  2.654574e+04
3  8  1.846013e+04
3  9  1.534449e+04
3  10  3.032997e+04
3  11  1.941651e+04
3  12  6.379501e+03
3  13  1.089872e+04
3  14  6.165057e+03
3  15  1.362390e+04
3  16  5.184301e+03
3  17  4.807461e+03
3  18  3.218592e+03
3  19  1.585290e+03
3  20  1.350394e+03
3  21  4.065472e+03
3  22  5.687899e+03
3  23  4.253196e+03
3  24  2.789090e+03
3  25  3.598539e+02
3  26  -8.557932e+02
3  27  1.824487e+03
3  28  6.233078e+02
3  29  -7.422870e+02
3  30  3.699536e+02
3  31  -1.916252e+02
3  32  1.702687e+03
3  33  4.530177e+02
3  34  1.529407e+02
3  35  -6.713179e+02
3  36  -1.747351e+02
3  37  -8.437870e+02
3  38  -7.680772e+02
3  39  -4.704224e+02
3  40  6.888178e+05
3  41  -7.986558e+04
3  42  1.057902e+06
3  43  1.622565e+06
3  44  3.892019e+05
3  45  1.247354e+05
3  46  3.725463e+04
3  47  -7.307761e+03
3  48  -7.617006e+03
3  49  3.145190e+04
3  50  9.005713e+03
3  51  4.228218e+04
3  52  1.129641e+04
3  53  1.790328e+04
3  54  1.270646e+04
3  55  9.208012e+03
3  56  9.102987e+03
3  57  9.324718e+03
3  58  5.452865e+03
3  59  -6.027501e+03
3  60  2.332898e+03
3  61  3.318035e+03
3  62  1.063055e+03
3  63  -5.336540e+03
3  64  -8.344908e+02
3  65  -8.948115e+02
3  66  9.975601e+02
3  67  -3.042812e+03
3  68  -1.744690e+03
3  69  -1.161721e+03
3  70  -2.074835e+03
3  71  -2.976544e+03
3  72  6.586008e+02
3  73  2.052225e+03
3  74  -1.939927e+03
3  75  6.408738e+01
3  76  -1.737726e+03
3  77  -2.211083e+03
3  78  -9.280990e+02
3  79  3.892642e+02
4  0  4.698170e+04
4  1  1.944412e+05
4  2  9.392144e+04
4  3  2.987940e+05
4  4  1.061896e+06
4  5  1.481074e+05
4  6  3.049861e+04
4  7  1.824564e+04
4  8  -3.377064e+03
4  9  1.441330e+04
4  10  9.747763e+03
4  11  1.198070e+04
4  12  1.184838e+04
4  13  8.387554e+03
4  14  5.496441e+03
4  15  4.491446e+03
4  16  4.825652e+03
4  17  6.214744e+03
4  18  3.235429e+03
4  19  6.697141e+03
4  20  2.143685e+03
4  21  4.720441e+03
4  22  1.289803e+03
4  23  3.213764e+03
4  24  2.117181e+03
4  25  2.470795e+03
4  26  9.870392e+02
4  27  1.212464e+03
4  28  1.324050e+03
4  29  4.989662e+02
4  30  1.234477e+03
4  31  8.588640e+02
4  32  1.295071e+03
4  33  1.413957e+03
4  34  9.608344e+02
4  35  -2.304004e+02
4  36  3.207162e+02
4  37  3.202564e+02
4  38  7.131303e+02
4  39  1.445935e+02
4  40  -5.838508e+04
4  41  3.600792e+05
4  42  -1.018257e+05
4  43  2.647718e+05
4  44  5.209329e+05
4  45  1.883462e+05
4  46  6.403496e+04
4  47  -7.455345e+04
4  48  -2.268797e+04
4  49  2.355762e+04
4  50  4.051699e+03
4  51  2.400696e+04
4  52  2.367587e+04
4  53  6.630154e+03
4  54  -2.124605e+03
4  55  5.868355e+03
4  56  3.899754e+03
4  57  -3.828507e+02
4  58  9.269730e+02
4  59  2.954601e+03
4  60  4.059782e+03
4  61  -1.611700e+03
4  62  -1.184151e+03
4  63  -1.396079e+03
4  64  -1.711140e+03
4  65  4.231967e+02
4  66  -7.759018e+02
4  67  -8.100464e+02
4  68  4.506547e+02
4  69  1.655429e+02
4  70  8.384916e+02
4  71  3.061478e+03
4  72  1.025309e+02
4  73  -3.928581e+02
4  74  -7.764072e+01
4  75  3.675525e+02
4  76  -5.263225e+02
4  77  -5.502268e+02
4  78  -6.237158e+02
4  79  -2.010624e+02
5  0  2.084444e+05
5  1  1.542568e+05
5  2  1.425557e+05
5  3  1.103069e+05
5  4  1.481074e+05
5  5  5.277471e+05
5  6  8.147235e+04
5  7  1.978406e+04
5  8  1.520178e+04
5  9  1.524768e+04
5  10  1.245605e+04
5  11  1.038548e+04
5  12  9.664572e+03
5  13  9.277469e+03
5  14  6.287650e+03
5  15  6.855879e+03
5  16  5.505234e+03
5  17  4.682068e+03
5  18  6.612813e+03
5  19  5.992787e+03
5  20  4.676449e+03
5  21  3.239223e+03
5  22  2.088609e+03
5  23  3.777087e+03
5  24  2.036723e+03
5  25  2.461126e+03
5  26  2.195139e+03
5  27  1.283839e+03
5  28  8.040473e+02
5  29  1.839253e+03
5  30  1.542944e+03
5  31  9.352753e+02
5  32  1.701640e+03
5  33  8.681167e+02
5  34  6.835552e+02
5  35  8.289613e+02
5  36  8.411656e+02
5  37  1.161333e+03
5  38  7.474607e+02
5  39  4.429622e+02
5  40  3.439749e+05
5  41  -5.523758e+04
5  42  2.113172e+04
5  43  1.603532e+05
5  44  1.764070e+05
5  45  2.340117e+05
5  46  1.162749e+05
5  47  -6.141857e+03
5  48  1.501383e+03
5  49  7.174465e+03
5  50  3.718560e+03
5  51  7.800129e+03
5  52  7.830082e+03
5  53  1.180954e+04
5  54  1.477394e+03
5  55  6.733374e+03
5  56  1.128163e+04
5  57  4.071833e+03
5  58  3.029059e+03
5  59  2.734599e+03
5  60  4.055659e+03
5  61  1.713829e+03
5  62  -5.362531e+01
5  63  1.560607e+03
5  64  2.993687e+03
5  65  2.498109e+03
5  66  -6.630319e+02
5  67  -5.344395e+02
5  68  9.860487e+02
5  69  1.209237e+03
5  70  -7.394578e+02
5  71  1.401077e+03
5  72  -7.695585e+02
5  73  1.887112e+02
5  74  -5.112419e+02
5  75  -4.252679e+02
5  76  -6.960793e+02
5  77  -6.921245e+02
5  78  -1.308136e+03
5  79  -9.028174e+02
6  0  2.118929e+05
6  1  1.780545e+04
6  2  -8.144673e+03
6  3  5.290682e+04
6  4  3.049861e+04
6  5  8.147235e+04
6  6  2.894863e+05
6  7  4.608611e+04
6  8  9.868785e+03
6  9  5.140856e+03
6  10  8.057592e+03
6  11  6.676592e+03
6  12  4.094134e+03
6  13  2.700837e+03
6  14  3.430926e+03
6  15  3.491447e+03
6  16  3.614204e+03
6  17  4.003073e+03
6  18  3.271071e+03
6  19  3.030643e+03
6  20  3.763068e+03
6  21  2.619137e+03
6  22  1.827851e+03
6  23  1.903040e+03
6  24  1.388294e+03
6  25  1.479850e+03
6  26  1.128211e+03
6  27  8.193035e+02
6  28  7.224718e+02
6  29  1.424649e+03
6  30  5.480888e+02
6  31  7.095608e+02
6  32  1.008232e+03
6  33  3.209954e+02
6  34  5.855070e+02
6  35  7.918430e+02
6  36  5.648293e+02
6  37  7.346248e+02
6  38  8.160326e+02
6  39  6.911637e+02
6  40  4.175717e+04
6  41  -8.710520e+04
6  42  -1.074519e+05
6  43  9.733045e+04
6  44  3.967269e+04
6  45  4.881798e+04
6  46  1.623328e+05
6  47  2.573989e+04
6  48  3.624880e+03
6  49  -5.724797e+03
6  50  7.994113e+03
6  51  9.550588e+03
6  52  3.310654e+03
6  53  8.816703e+03
6  54  3.341647e+03
6  55  2.136910e+03
6  56  2.265812e+03
6  57  4.010542e+03
6  58  3.932354e+02
6  59  3.389464e+03
6  60  2.078036e+03
6  61  1.226592e+03
6  62  2.090502e+03
6  63  -5.674424e+01
6  64  4.087464e+02
6  65  3.230168e+02
6  66  6.939316e+02
6  67  -9.149449e+02
6  68  4.404439e+02
6  69  1.042636e+03
6  70  -3.677519e+02
6  71  8.406593e+02
6  72  1.732206e-01
6  73  1.404978e+02
6  74  -2.733926e+01
6  75  1.103371e+03
6  76  -4.160354e+02
6  77  -4.327239e+02
6  78  6.550174e+01
6  79  1.809581e+02
7  0  -1.274222e+04
7  1  5.603748e+04
7  2  -3.050834e+02
7  3  2.654574e+04
7  4  1.824564e+04
7  5  1.978406e+04
7  6  4.608611e+04
7  7  1.634249e+05
7  8  2.736254e+04
7  9  6.043896e+03
7  10  8.600157e+03
7  11  6.619942e+03
7  12  3.634722e+03
7  13  4.874331e+03
7  14  4.809152e+03
7  15  3.495697e+03
7  16  3.214215e+03
7  17  1.586275e+03
7  18  2.552081e+03
7  19  2.250037e+03
7  20  3.469635e+03
7  21  1.510828e+03
7  22  8.957597e+02
7  23  1.533795e+03
7  24  1.857646e+03
7  25  6.744030e+02
7  26  7.675748e+02
7  27  1.278389e+03
7  28  6.113696e+02
7  29  6.996945e+02
7  30  7.116947e+02
7  31  6.387001e+02
7  32  1.054048e+03
7  33  7.703657e+02
7  34  6.301741e+02
7  35  6.473861e+02
7  36  5.246025e+02
7  37  3.126615e+02
7  38  1.380469e+02
7  39  2.316911e+02
7  40  -1.808946e+05
7  41  -7.683947e+04
7  42  -2.724227e+04
7  43  4.176821e+03
7  44  3.159145e+04
7  45  1.301854e+04
7  46  4.395763e+04
7  47  6.589817e+04
7  48  2.508251e+04
7  49  2.050466e+03
7  50  1.021558e+04
7  51  9.927954e+03
7  52  4.458284e+03
7  53  4.219134e+03
7  54  3.001055e+03
7  55  4.674307e+03
7  56  9.278337e+02
7  57  1.776124e+03
7  58  6.515804e+02
7  59  2.477689e+03
7  60  9.063452e+02
7  61  2.772112e+03
7  62  1.143527e+03
7  63  8.865584e+02
7  64  4.381145e+02
7  65  -1.650689e+01
7  66  2.279400e+02
7  67  -2.600744e+02
7  68  6.916767e+02
7  69  1.032043e+03
7  70  4.137668e+02
7  71  1.644830e+02
7  72  -1.691469e+02
7  73  1.992678e+02
7  74  3.103960e+02
7  75  8.412140e+02
7  76  3.687882e+02
7  77  -4.847095e+02
7  78  -3.278063e+02
7  79  1.324419e+02
8  0  8.313823e+04
8  1  4.922177e+04
8  2  1.552651e+04
8  3  1.846013e+04
8  4  -3.377064e+03
8  5  1.520178e+04
8  6  9.868785e+03
8  7  2.736254e+04
8  8  1.007205e+05
8  9  1.698140e+04
8  10  8.618658e+03
8  11  5.768667e+03
8  12  3.227554e+03
8  13  3.274267e+03
8  14  2.971930e+03
8  15  3.767637e+03
8  16  2.696353e+03
8  17  2.285956e+03
8  18  2.823353e+03
8  19  1.867008e+03
8  20  2.462419e+03
8  21  1.557795e+03
8  22  1.313731e+03
8  23  1.420112e+03
8  24  1.325900e+03
8  25  8.601344e+02
8  26  1.110380e+03
8  27  9.200955e+02
8  28  6.431515e+02
8  29  9.366277e+02
8  30  7.550672e+02
8  31  7.736451e+02
8  32  7.349605e+02
8  33  9.004859e+02
8  34  5.046273e+02
8  35  6.637775e+02
8  36  8.435642e+02
8  37  4.951652e+02
8  38  4.296191e+02
8  39  2.286659e+02
8  40  4.011405e+04
8  41  -2.754160e+04
8  42  4.775931e+04
8  43  1.912628e+04
8  44  2.452042e+04
8  45  2.298379e+03
8  46  1.452397e+04
8  47  3.232454e+04
8  48  3.980507e+04
8  49  1.712550e+04
8  50  1.032629e+04
8  51  6.009976e+03
8  52  3.962969e+03
8  53  3.292209e+03
8  54  2.913353e+03
8  55  3.320305e+03
8  56  7.688916e+02
8  57  2.547858e+03
8  58  3.151094e+03
8  59  1.131487e+03
8  60  1.138783e+03
8  61  8.651577e+02
8  62  1.402705e+03
8  63  1.388770e+03
8  64  2.220808e+01
8  65  2.805403e+02
8  66  3.584560e+02
8  67  3.662053e+02
8  68  -1.408337e+02
8  69  1.142045e+01
8  70  -3.307320e+01
8  71  2.286769e+02
8  72  5.498211e+02
8  73  1.984094e+02
8  74  3.273050e+01
8  75  -1.303657e+02
8  76  -1.203926e+02
8  77  1.605383e+01
8  78  -3.119829e+02
8  79  3.422029e+02
9  0  -6.646077e+04
9  1  5.676180e+04
9  2  3.022545e+04
9  3  1.534449e+04
9  4  1.441330e+04
9  5  1.524768e+04
9  6  5.140856e+03
9  7  6.043896e+03
9  8  1.698140e+04
9  9  6.237912e+04
9  10  1.297015e+04
9  11  5.293578e+03
9  12  3.054118e+03
9  13  2.864634e+03
9  14  2.369899e+03
9  15  2.296249e+03
9  16  1.516951e+03
9  17  1.556127e+03
9  18  1.205387e+03
9  19  1.160279e+03
9  20  1.771276e+03
9  21  1.506957e+03
9  22  1.103942e+03
9  23  1.382997e+03
9  24  7.806377e+02
9  25  8.309863e+02
9  26  7.253013e+02
9  27  6.433391e+02
9  28  5.179654e+02
9  29  3.769685e+02
9  30  6.040008e+02
9  31  5.312617e+02
9  32  5.093324e+02
9  33  5.709297e+02
9  34  3.778415e+02
9  35  4.661370e+02
9  36  3.277881e+02
9  37  2.776952e+02
9  38  3.992619e+02
9  39  2.556268e+02
9  40  2.425569e+04
9  41  7.742622e+04
9  42  2.137947e+04
9  43  1.608333e+04
9  44  -4.096433e+02
9  45  9.173427e+03
9  46  3.376330e+03
9  47  4.456637e+03
9  48  2.058748e+04
9  49  1.763439e+04
9  50  8.116216e+03
9  51  -2.393690e+02
9  52  4.266971e+03
9  53  1.121703e+03
9  54  -7.344971e+02
9  55  2.515097e+03
9  56  3.729937e+02
9  57  1.022953e+03
9  58  1.770406e+03
9  59  9.403596e+02
9  60  7.487675e+02
9  61  1.186423e+03
9  62  1.432750e+03
9  63  9.561326e+02
9  64  1.132775e+02
9  65  -2.030109e+02
9  66  2.267256e+02
9  67  -2.811908e+02
9  68  1.679645e+02
9  69  7.333978e+02
9  70  -3.241227e+02
9  71  4.316720e+02
9  72  2.883395e+02
9  73  -1.898802e+01
9  74  2.636573e+02
9  75  -5.558263e+00
9  76  -2.888628e+02
9  77  -1.755836e+02
9  78  -4.665520e+02
9  79  1.922958e+02
10  0  -1.763436e+03
10  1  3.756185e+04
10  2  2.344025e+04
10  3  3.032997e+04
10  4  9.747763e+03
10  5  1.245605e+04
10  6  8.057592e+03
10  7  8.600157e+03
10  8  8.618658e+03
10  9  1.297015e+04
10  10  4.144252e+04
10  11  8.333605e+03
10  12  2.099212e+03
10  13  2.426161e+03
10  14  2.274366e+03
10  15  2.045072e+03
10  16  2.684493e+03
10  17  2.233220e+03
10  18  1.603394e+03
10  19  1.191779e+03
10  20  1.448321e+03
10  21  1.333891e+03
10  22  1.270176e+03
10  23  1.003585e+03
10  24  7.898957e+02
10  25  1.101928e+03
10  26  9.547728e+02
10  27  7.748794e+02
10  28  8.263173e+02
10  29  6.418549e+02
10  30  8.245385e+02
10  31  5.041900e+02
10  32  4.051852e+02
10  33  1.915081e+02
10  34  3.633617e+02
10  35  2.974477e+02
10  36  2.666304e+02
10  37  2.199016e+02
10  38  3.067365e+02
10  39  1.977761e+02
10  40  1.839253e+05
10  41  5.313462e+03
10  42  4.052688e+04
10  43  4.471271e+04
10  44  2.158787e+03
10  45  2.516686e+04
10  46  1.352563e+04
10  47  9.613324e+03
10  48  6.936379e+03
10  49  1.183713e+04
10  50  1.709558e+04
10  51  7.138923e+03
10  52  9.666852e+02
10  53  -1.404481e+03
10  54  -2.440239e+01
10  55  5.396178e+02
10  56  3.366895e+02
10  57  5.409652e+02
10  58  1.602876e+03
10  59  9.222349e+02
10  60  -3.970070e+02
10  61  2.708910e+02
10  62  1.101427e+02
10  63  5.042748e+02
10  64  -5.813525e+02
10  65  -5.610552e+02
10  66  2.648206e+02
10  67  -4.144733e+01
10  68  -8.239503e+02
10  69  -2.342458e+02
10  70  -1.256495e+02
10  71  1.065235e+01
10  72  -1.535908e+01
10  73  1.070400e+02
10  74  -2.809642e+02
10  75  -3.374574e+02
10  76  -7.510158e+01
10  77  -1.397449e+02
10  78  -3.941392e+02
10  79  5.614978e+01
11  0  2.040213e+03
11  1  2.389449e+04
11  2  2.299564e+04
11  3  1.941651e+04
11  4  1.198070e+04
11  5  1.038548e+04
11  6  6.676592e+03
11  7  6.619942e+03
11  8  5.768667e+03
11  9  5.293578e+03
11  10  8.333605e+03
11  11  2.792091e+04
11  12  4.864255e+03
11  13  1.911099e+03
11  14  2.148604e+03
11  15  1.304022e+03
11  16  1.975544e+03
11  17  1.318250e+03
11  18  1.797233e+03
11  19  1.419873e+03
11  20  1.578187e+03
11  21  1.055810e+03
11  22  8.235491e+02
11  23  9.650366e+02
11  24  8.042829e+02
11  25  8.410746e+02
11  26  8.754125e+02
11  27  7.230629e+02
11  28  5.091079e+02
11  29  4.371057e+02
11  30  4.681930e+02
11  31  3.989183e+02
11  32  6.310242e+02
11  33  4.384654e+02
11  34  3.798796e+02
11  35  4.161250e+02
11  36  2.162115e+02
11  37  2.829611e+02
11  38  2.687173e+02
11  39  2.752402e+02
11  40  -4.609955e+04
11  41  -1.429220e+04
11  42  -2.876281e+03
11  43  7.071275e+03
11  44  1.269240e+03
11  45  4.137964e+03
11  46  4.435151e+03
11  47  5.182289e+03
11  48  1.143416e+03
11  49  2.969222e+03
11  50  1.235350e+03
11  51  8.985234e+03
11  52  5.690739e+03
11  53  8.715935e+02
11  54  -5.805094e+02
11  55  3.407988e+02
11  56  1.050143e+03
11  57  -1.541190e+02
11  58  -2.529462e+02
11  59  3.204460e+02
11  60  8.626018e+01
11  61  3.159938e+02
11  62  4.770339e+01
11  63  -4.632534e+02
11  64  -2.884580e+02
11  65  -9.992471e+01
11  66  1.157694e+02
11  67  -7.025390e+02
11  68  3.661689e+02
11  69  1.065840e+02
11  70  -2.500433e+02
11  71  8.243908e+01
11  72  7.476486e+01
11  73  1.899929e+02
11  74  -2.846219e+02
11  75  -2.125431e+02
11  76  1.752355e+02
11  77  2.910295e+02
11  78  1.476455e+02
11  79  2.930592e+01
12  0  -1.064399e+04
12  1  3.584289e+03
12  2  8.289981e+03
12  3  6.379501e+03
12  4  1.184838e+04
12  5  9.664572e+03
12  6  4.094134e+03
12  7  3.634722e+03
12  8  3.227554e+03
12  9  3.054118e+03
12  10  2.099212e+03
12  11  4.864255e+03
12  12  2.032638e+04
12  13  3.585781e+03
12  14  1.729460e+03
12  15  9.074538e+02
12  16  1.827345e+03
12  17  1.353048e+03
12  18  1.160305e+03
12  19  1.545150e+03
12  20  1.084342e+03
12  21  8.927042e+02
12  22  8.885362e+02
12  23  7.828431e+02
12  24  7.843667e+02
12  25  6.274094e+02
12  26  6.863328e+02
12  27  7.657931e+02
12  28  6.852425e+02
12  29  5.665189e+02
12  30  5.157472e+02
12  31  5.421414e+02
12  32  5.718881e+02
12  33  4.904414e+02
12  34  4.664109e+02
12  35  3.116622e+02
12  36  3.405470e+02
12  37  2.494341e+02
12  38  2.388695e+02
12  39  3.377367e+02
12  40  -1.188532e+05
12  41  -4.989435e+04
12  42  -7.317105e+02
12  43  8.317391e+03
12  44  -3.854176e+03
12  45  8.972522e+03
12  46  5.953955e+03
12  47  7.550425e+02
12  48  -4.031123e+03
12  49  -1.381251e+03
12  50  -5.695224e+02
12  51  3.813547e+03
12  52  5.922118e+03
12  53  1.191864e+03
12  54  -8.455569e+02
12  55  -8.173962e+02
12  56  3.470422e+02
12  57  1.430735e+02
12  58  1.440541e+02
12  59  -1.154780e+03
12  60  -4.509527e+01
12  61  3.790357e+02
12  62  4.315355e+02
12  63  -3.392720e+01
12  64  -6.307231e+02
12  65  2.444096e+02
12  66  -1.118285e+02
12  67  -2.023812e+02
12  68  5.720201e+02
12  69  9.546207e+01
12  70  -6.520535e+01
12  71  1.416412e+01
12  72  6.382544e+01
12  73  -1.921383e+02
12  74  -8.523455e+01
12  75  -1.030934e+02
12  76  -4.607088e+01
12  77  -2.871976e+00
12  78  4.615337e+01
12  79  -1.631672e+02
13  0  4.433829e+04
13  1  1.031364e+04
13  2  5.478960e+03
13  3  1.089872e+04
13  4  8.387554e+03
13  5  9.277469e+03
13  6  2.700837e+03
13  7  4.874331e+03
13  8  3.274267e+03
13  9  2.864634e+03
13  10  2.426161e+03
13  11  1.911099e+03
13  12  3.585781e+03
13  13  1.624511e+04
13  14  3.732672e+03
13  15  1.498875e+03
13  16  1.354412e+03
13  17  1.191404e+03
13  18  1.285685e+03
13  19  1.141713e+03
13  20  1.213192e+03
13  21  9.101960e+02
13  22  8.230238e+02
13  23  8.149131e+02
13  24  8.233927e+02
13  25  7.144885e+02
13  26  5.951478e+02
13  27  6.248325e+02
13  28  4.905802e+02
13  29  5.822740e+02
13  30  2.647392e+02
13  31  4.370445e+02
13  32  4.954226e+02
13  33  3.854872e+02
13  34  3.444756e+02
13  35  3.226169e+02
13  36  3.074713e+02
13  37  3.323383e+02
13  38  2.991270e+02
13  39  2.763234e+02
13  40  -1.740230e+04
13  41  -2.230972e+04
13  42  -4.406136e+04
13  43  -7.694954e+03
13  44  2.461457e+03
13  45  3.844561e+03
13  46  -1.074307e+03
13  47  1.803142e+03
13  48  -1.847784e+02
13  49  -2.143982e+03
13  50  1.775986e+03
13  51  6.549102e+01
13  52  1.950086e+03
13  53  3.149383e+03
13  54  1.674475e+03
13  55  -1.521410e+02
13  56  -2.333311e+02
13  57  6.792559e+01
13  58  -6.670598e+02
13  59  -3.404879e+02
13  60  -5.348345e+02
13  61  -2.633506e+02
13  62  3.052373e+02
13  63  6.564319e+01
13  64  -4.202017e+02
13  65  2.074542e+02
13  66  2.987407e+02
13  67  -5.738908e+01
13  68  5.170072e+02
13  69  1.797015e+02
13  70  1.027803e+02
13  71  1.159358e+02
13  72  1.535417e+02
13  73  -1.145325e+02
13  74  9.050111e-01
13  75  -2.209524e+02
13  76  -2.041318e+02
13  77  -3.192627e+02
13  78  -8.640608e+01
13  79  -9.588495e+01
14  0  9.066732e+03
14  1  1.440256e+04
14  2  6.470858e+03
14  3  6.165057e+03
14  4  5.496441e+03
14  5  6.287650e+03
14  6  3.430926e+03
14  7  4.809152e+03
14  8  2.971930e+03
14  9  2.369899e+03
14  10  2.274366e+03
14  11  2.148604e+03
14  12  1.729460e+03
14  13  3.732672e+03
14  14  1.228054e+04
14  15  2.613770e+03
14  16  8.552628e+02
14  17  9.499817e+02
14  18  1.145463e+03
14  19  1.009412e+03
14  20  1.177680e+03
14  21  6.798419e+02
14  22  5.979508e+02
14  23  6.185023e+02
14  24  6.667743e+02
14  25  5.462608e+02
14  26  5.614761e+02
14  27  4.443364e+02
14  28  4.029200e+02
14  29  4.261842e+02
14  30  3.117512e+02
14  31  4.726508e+02
14  32  4.072702e+02
14  33  3.458445e+02
14  34  4.049204e+02
14  35  3.938537e+02
14  36  2.882346e+02
14  37  2.265278e+02
14  38  1.857413e+02
14  39  2.628825e+02
14  40  3.092414e+04
14  41  -3.515346e+04
14  42  -1.070713e+04
14  43  -9.988177e+03
14  44  -5.921052e+03
14  45  6.268060e+03
14  46  6.327430e+02
14  47  1.222107e+03
14  48  1.793210e+03
14  49  1.586282e+02
14  50  1.610337e+03
14  51  2.643518e+02
14  52  1.699987e+03
14  53  1.922285e+03
14  54  2.876124e+03
14  55  4.664728e+02
14  56  -2.456611e+02
14  57  3.530181e+02
14  58  6.437911e+02
14  59  3.582704e+02
14  60  1.668266e+02
14  61  2.217385e+02
14  62  5.308752e+02
14  63  3.510577e+02
14  64  9.035299e+01
14  65  5.808422e+01
14  66  1.853631e+01
14  67  -1.493061e+02
14  68  3.052735e+02
14  69  6.325459e+01
14  70  1.304272e+01
14  71  1.176328e+02
14  72  -5.321399e+01
14  73  7.285611e+01
14  74  2.327320e+02
14  75  -3.256872e+01
14  76  -1.301626e+02
14  77  -7.676489e+01
14  78  4.921100e+01
14  79  7.663487e-02
15  0  -8.858443e+03
15  1  1.794212e+04
15  2  1.082736e+04
15  3  1.362390e+04
15  4  4.491446e+03
15  5  6.855879e+03
15  6  3.491447e+03
15  7  3.495697e+03
15  8  3.767637e+03
15  9  2.296249e+03
15  10  2.045072e+03
15  11  1.304022e+03
15  12  9.074538e+02
15  13  1.498875e+03
15  14  2.613770e+03
15  15  9.319312e+03
15  16  2.174469e+03
15  17  8.126560e+02
15  18  9.332285e+02
15  19  6.600504e+02
15  20  8.835251e+02
15  21  6.708455e+02
15  22  5.457896e+02
15  23  4.018453e+02
15  24  4.296500e+02
15  25  3.654353e+02
15  26  3.910363e+02
15  27  4.659385e+02
15  28  4.191573e+02
15  29  3.692292e+02
15  30  3.027483e+02
15  31  4.784250e+02
15  32  3.164380e+02
15  33  2.829145e+02
15  34  2.863019e+02
15  35  2.778006e+02
15  36  2.281862e+02
15  37  2.741978e+02
15  38  1.439040e+02
15  39  2.724334e+02
15  40  -2.375866e+04
15  41  -3.591458e+03
15  42  7.052564e+03
15  43  -5.187346e+03
15  44  3.913221e+03
15  45  6.462914e+02
15  46  7.584729e+02
15  47  1.201017e+03
15  48  3.458488e+03
15  49  3.313658e+03
15  50  5.336554e+02
15  51  4.775965e+02
15  52  5.107560e+02
15  53  5.521174e+02
15  54  1.707296e+03
15  55  1.758668e+03
15  56  1.233190e+03
15  57  4.785343e+02
15  58  9.083740e+01
15  59  2.948897e+02
15  60  -7.523818e+01
15  61  2.436047e+02
15  62  2.839654e+02
15  63  5.879170e+02
15  64  2.972841e+02
15  65  -4.936595e+00
15  66  -1.450909e+02
15  67  6.158589e+01
15  68  2.797669e+02
15  69  3.231793e+02
15  70  2.471238e+02
15  71  5.138724e+01
15  72  -9.249792e+01
15  73  2.576040e+01
15  74  2.588667e+02
15  75  6.695355e+01
15  76  -1.020101e+02
15  77  7.122241e+01
15  78  5.026587e+01
15  79  8.209778e+01
16  0  4.306557e+04
16  1  2.148839e+04
16  2  1.255382e+04
16  3  5.184301e+03
16  4  4.825652e+03
16  5  5.505234e+03
16  6  3.614204e+03
16  7  3.214215e+03
16  8  2.696353e+03
16  9  1.516951e+03
16  10  2.684493e+03
16  11  1.975544e+03
16  12  1.827345e+03
16  13  1.354412e+03
16  14  8.552628e+02
16  15  2.174469e+03
16  16  7.113270e+03
16  17  1.557251e+03
16  18  8.369880e+02
16  19  6.998827e+02
16  20  6.389533e+02
16  21  6.039817e+02
16  22  6.511844e+02
16  23  4.771461e+02
16  24  5.232727e+02
16  25  4.033089e+02
16  26  4.020114e+02
16  27  5.372917e+02
16  28  3.031981e+02
16  29  3.302226e+02
16  30  3.101913e+02
16  31  3.284799e+02
16  32  3.591093e+02
16  33  2.946949e+02
16  34  3.754882e+02
16  35  2.782140e+02
16  36  1.878936e+02
16  37  1.990850e+02
16  38  1.338857e+02
16  39  2.099477e+02
16  40  5.118587e+03
16  41  -2.495655e+04
16  42  -1.396157e+04
16  43  1.528119e+03
16  44  -1.707282e+03
16  45  -3.307790e+02
16  46  2.205203e+03
16  47  1.987027e+03
16  48  -9.662914e+02
16  49  1.499355e+03
16  50  3.462096e+02
16  51  9.598267e+02
16  52  7.321139e+02
16  53  3.167400e+02
16  54  2.781492e+02
16  55  9.037662e+02
16  56  1.184393e+03
16  57  1.005384e+03
16  58  -1.338264e+02
16  59  -2.667768e+02
16  60  -1.581580e+02
16  61  4.277241e+00
16  62  9.353379e+01
16  63  2.431601e+02
16  64  -3.671738e+02
16  65  7.187986e+01
16  66  -7.462227e+00
16  67  7.167894e+01
16  68  4.415472e+02
16  69  2.173493e+02
16  70  1.098255e+02
16  71  2.808894e+01
16  72  -2.537020e+01
16  73  6.777696e+01
16  74  1.986669e+02
16  75  1.722931e+02
16  76  2.173865e+02
16  77  1.074378e+02
16  78  1.486772e+02
16  79  4.899613e+01
17  0  3.136576e+04
17  1  2.410196e+04
17  2  2.193944e+03
17  3  4.807461e+03
17  4  6.214744e+03
17  5  4.682068e+03
17  6  4.003073e+03
17  7  1.586275e+03
17  8  2.285956e+03
17  9  1.556127e+03
17  10  2.233220e+03
17  11  1.318250e+03
17  12  1.353048e+03
17  13  1.191404e+03
17  14  9.499817e+02
17  15  8.126560e+02
17  16  1.557251e+03
17  17  6.124476e+03
17  18  1.412134e+03
17  19  6.816918e+02
17  20  6.789965e+02
17  21  6.475048e+02
17  22  6.695311e+02
17  23  5.839031e+02
17  24  5.047681e+02
17  25  4.595733e+02
17  26  5.097852e+02
17  27  5.036239e+02
17  28  3.950093e+02
17  29  3.181157e+02
17  30  3.714687e+02
17  31  3.997498e+02
17  32  3.364132e+02
17  33  2.769337e+02
17  34  3.860327e+02
17  35  3.186039e+02
17  36  2.546732e+02
17  37  2.350141e+02
17  38  2.545266e+02
17  39  2.599140e+02
17  40  -5.155801e+04
17  41  -1.754497e+04
17  42  -1.334256e+04
17  43  -1.207413e+04
17  44  2.614494e+03
17  45  1.274091e+03
17  46  7.847571e+01
17  47  1.000690e+03
17  48  -2.703077e+02
17  49  1.027627e+03
17  50  1.180160e+03
17  51  6.779266e+02
17  52  8.470960e+02
17  53  3.509714e+02
17  54  -3.827658e+02
17  55  5.065719e+02
17  56  6.217360e+02
17  57  3.353598e+02
17  58  5.475973e+02
17  59  3.734250e+02
17  60  -2.946333e+02
17  61  8.627425e+01
17  62  4.045976e+02
17  63  1.590372e+02
17  64  -7.478144e+01
17  65  -1.664020e+02
17  66  -7.886380e+01
17  67  9.627955e+01
17  68  5.116371e+00
17  69  -4.606012e+00
17  70  -1.673942e+02
17  71  9.470527e+01
17  72  7.881725e+01
17  73  6.477284e+01
17  74  1.762281e+01
17  75  3.964824e+01
17  76  -1.112409e+02
17  77  -1.412512e+02
17  78  -1.129851e+02
17  79  -8.679431e+00
18  0  2.900802e+04
18  1  2.352976e+04
18  2  1.217471e+04
18  3  3.218592e+03
18  4  3.235429e+03
18  5  6.612813e+03
18  6  3.271071e+03
18  7  2.552081e+03
18  8  2.823353e+03
18  9  1.205387e+03
18  10  1.603394e+03
18  11  1.797233e+03
18  12  1.160305e+03
18  13  1.285685e+03
18  14  1.145463e+03
18  15  9.332285e+02
18  16  8.369880e+02
18  17  1.412134e+03
18  18  4.923924e+03
18  19  1.110422e+03
18  20  7.677932e+02
18  21  5.841908e+02
18  22  5.830223e+02
18  23  6.290769e+02
18  24  3.837329e+02
18  25  5.235141e+02
18  26  4.473687e+02
18  27  4.589989e+02
18  28  2.771370e+02
18  29  3.867647e+02
18  30  3.901456e+02
18  31  3.378045e+02
18  32  3.381008e+02
18  33  2.913218e+02
18  34  3.275933e+02
18  35  3.084728e+02
18  36  2.834371e+02
18  37  2.028377e+02
18  38  2.034660e+02
18  39  2.211724e+02
18  40  -3.154153e+04
18  41  -2.468488e+04
18  42  9.988776e+03
18  43  -4.472181e+03
18  44  -1.224146e+03
18  45  4.459146e+03
18  46  1.936072e+03
18  47  -2.559249e+02
18  48  3.735241e+02
18  49  -4.117603e+02
18  50  -7.697770e+00
18  51  7.248012e+02
18  52  2.054881e+02
18  53  -1.048045e+01
18  54  5.214260e+02
18  55  -3.558078e+02
18  56  -6.995214e+01
18  57  4.806497e+02
18  58  3.864190e+02
18  59  5.960041e+02
18  60  -2.955406e+02
18  61  -2.117324e+01
18  62  -4.198867e+01
18  63  1.633602e+02
18  64  1.650422e+02
18  65  6.867548e+01
18  66  -1.380544e+02
18  67  1.073032e+02
18  68  2.221804e+02
18  69  6.564003e+01
18  70  -1.113217e+01
18  71  1.011826e+02
18  72  -3.388526e+01
18  73  -3.836038e+01
18  74  -8.306416e+01
18  75  -1.011228e+01
18  76  -2.808551e+01
18  77  -8.323836e+01
18  78  -5.606956e+01
18  79  -2.243188e+01
19  0  5.574865e+03
19  1  2.412460e+03
19  2  1.246963e+03
19  3  1.585290e+03
19  4  6.697141e+03
19  5  5.992787e+03
19  6  3.030643e+03
19  7  2.250037e+03
19  8  1.867008e+03
19  9  1.160279e+03
19  10  1.191779e+03
19  11  1.419873e+03
19  12  1.545150e+03
19  13  1.141713e+03
19  14  1.009412e+03
19  15  6.600504e+02
19  16  6.998827e+02
19  17  6.816918e+02
19  18  1.110422e+03
19  19  3.955236e+03
19  20  1.038396e+03
19  21  5.724660e+02
19  22  5.965232e+02
19  23  6.135933e+02
19  24  5.506487e+02
19  25  5.209931e+02
19  26  5.303428e+02
19  27  4.787579e+02
19  28  3.683114e+02
19  29  3.910163e+02
19  30  3.062968e+02
19  31  3.283907e+02
19  32  3.040058e+02
19  33  3.216553e+02
19  34  3.299894e+02
19  35  2.634737e+02
19  36  2.495563e+02
19  37  2.184412e+02
19  38  2.274092e+02
19  39  2.333238e+02
19  40  2.603432e+04
19  41  -1.227954e+04
19  42  -8.545061e+03
19  43  -2.479989e+03
19  44  -4.408981e+03
19  45  -2.702947e+02
19  46  1.420108e+03
19  47  -9.769797e+02
19  48  -2.642305e+03
19  49  -3.645789e+02
19  50  -7.889557e+02
19  51  -2.841875e+02
19  52  6.741868e+02
19  53  1.228824e+02
19  54  -3.535849e+02
19  55  -2.126950e+02
19  56  -8.006577e+01
19  57  -2.138833e+02
19  58  -3.038413e+02
19  59  6.180023e+01
19  60  1.324783e+02
19  61  1.911434e+01
19  62  8.493799e-01
19  63  -2.003512e+02
19  64  -8.918603e+01
19  65  -1.573193e+02
19  66  -2.994277e+02
19  67  -6.459954e+01
19  68  8.893137e+01
19  69  -3.058553e+01
19  70  -1.593148e+02
19  71  -9.882736e+01
19  72  -2.433004e+02
19  73  -7.798096e+00
19  74  -6.010730e+00
19  75  1.654420e+01
19  76  -4.488106e+01
19  77  -5.849316e+01
19  78  -6.526016e+01
19  79  -1.132772e+02
20  0  6.958700e+03
20  1  -1.179525e+03
20  2  -9.638724e+02
20  3  1.350394e+03
20  4  2.143685e+03
20  5  4.676449e+03
20  6  3.763068e+03
20  7  3.469635e+03
20  8  2.462419e+03
20  9  1.771276e+03
20  10  1.448321e+03
20  11  1.578187e+03
20  12  1.084342e+03
20  13  1.213192e+03
20  14  1.177680e+03
20  15  8.835251e+02
20  16  6.389533e+02
20  17  6.789965e+02
20  18  7.677932e+02
20  19  1.038396e+03
20  20  3.498362e+03
20  21  9.898901e+02
20  22  4.708813e+02
20  23  5.320187e+02
20  24  5.288012e+02
20  25  5.536745e+02
20  26  4.741863e+02
20  27  4.640671e+02
20  28  3.651337e+02
20  29  4.042344e+02
20  30  3.619938e+02
20  31  3.278847e+02
20  32  3.330704e+02
20  33  3.282850e+02
20  34  2.715832e+02
20  35  2.630402e+02
20  36  2.103995e+02
20  37  2.086951e+02
20  38  1.989404e+02
20  39  2.141744e+02
20  40  -2.182966e+04
20  41  -3.605001e+04
20  42  -2.286465e+04
20  43  -4.435768e+03
20  44  3.332934e+03
20  45  -8.413242e+02
20  46  1.435755e+03
20  47  -4.697682e+01
20  48  1.807293e+02
20  49  -3.765787e+02
20  50  2.071549e+02
20  51  1.441350e+01
20  52  3.747256e+02
20  53  -4.386768e+02
20  54  3.660506e+02
20  55  1.015907e+02
20  56  -1.933993e+02
20  57  -1.516865e+01
20  58  4.329506e+01
20  59  4.031475e+02
20  60  1.372630e+02
20  61  3.376151e+02
20  62  1.324479e+02
20  63  1.845595e+02
20  64  -1.469093e+01
20  65  -6.958955e+01
20  66  5.693636e+01
20  67  -1.547753e+02
20  68  1.947560e+02
20  69  6.742032e+01
20  70  -1.469325e+02
20  71  5.393621e+01
20  72  1.769779e+00
20  73  5.196479e+01
20  74  6.080837e+01
20  75  -2.504745e+01
20  76  9.339124e+01
20  77  -7.847387e+01
20  78  1.095863e+01
20  79  -1.839087e+01
21  0  6.880440e+03
21  1  -3.957219e+03
21  2  4.627730e+01
21  3  4.065472e+03
21  4  4.720441e+03
21  5  3.239223e+03
21  6  2.619137e+03
21  7  1.510828e+03
21  8  1.557795e+03
21  9  1.506957e+03
21  10  1.333891e+03
21  11  1.055810e+03
21  12  8.927042e+02
21  13  9.101960e+02
21  14  6.798419e+02
21  15  6.708455e+02
21  16  6.039817e+02
21  17  6.475048e+02
21  18  5.841908e+02
21  19  5.724660e+02
21  20  9.898901e+02
21  21  2.867883e+03
21  22  7.766953e+02
21  23  5.398756e+02
21  24  4.113721e+02
21  25  4.431577e+02
21  26  4.382283e+02
21  27  3.840564e+02
21  28  3.317668e+02
21  29  3.681401e+02
21  30  3.044169e+02
21  31  3.230721e+02
21  32  3.174685e+02
21  33  2.767911e+02
21  34  2.563039e+02
21  35  2.547394e+02
21  36  2.468546e+02
21  37  2.382727e+02
21  38  1.812433e+02
21  39  1.873568e+02
21  40  -5.243933e+04
21  41  -3.059377e+04
21  42  -7.989482e+03
21  43  -1.558759e+02
21  44  2.701936e+03
21  45  -8.406722e+01
21  46  8.598801e+02
21  47  -4.037876e+02
21  48  -5.456529e+02
21  49  9.073395e+02
21  50  -1.541337e+02
21  51  7.983415e+02
21  52  -1.271079e+02
21  53  -1.982607e+02
21  54  -2.440580e+02
21  55  -4.934048e+02
21  56  5.549895e+01
21  57  -8.481752e+00
21  58  -2.056803e+02
21  59  -3.124137e+02
21  60  6.723949e-01
21  61  -1.012982e+02
21  62  1.227091e+02
21  63  -8.835467e+01
21  64  -1.813035e+02
21  65  -1.425556e+02
21  66  2.664090e+01
21  67  -7.470756e+01
21  68  5.561016e+01
21  69  2.959008e+01
21  70  -9.467451e+01
21  71  -2.849066e+01
21  72  8.333268e+00
21  73  -6.625253e+01
21  74  3.794408e+01
21  75  2.803066e+01
21  76  -2.073547e+01
21  77  -1.201380e+02
21  78  -3.353686e+01
21  79  -8.719484e+00
22  0  2.239426e+04
22  1  1.401938e+03
22  2  3.779790e+03
22  3  5.687899e+03
22  4  1.289803e+03
22  5  2.088609e+03
22  6  1.827851e+03
22  7  8.957597e+02
22  8  1.313731e+03
22  9  1.103942e+03
22  10  1.270176e+03
22  11  8.235491e+02
22  12  8.885362e+02
22  13  8.230238e+02
22  14  5.979508e+02
22  15  5.457896e+02
22  16  6.511844e+02
22  17  6.695311e+02
22  18  5.830223e+02
22  19  5.965232e+02
22  20  4.708813e+02
22  21  7.766953e+02
22  22  2.432122e+03
22  23  6.977005e+02
22  24  4.408371e+02
22  25  4.551955e+02
22  26  3.784532e+02
22  27  3.674766e+02
22  28  3.624119e+02
22  29  3.250840e+02
22  30  2.920708e+02
22  31  2.823787e+02
22  32  3.007666e+02
22  33  2.850061e+02
22  34  2.193998e+02
22  35  2.410115e+02
22  36  2.170279e+02
22  37  1.610975e+02
22  38  1.778555e+02
22  39  1.626547e+02
22  40  -3.951501e+04
22  41  -1.420393e+04
22  42  -2.230952e+03
22  43  -2.707857e+03
22  44  -2.428918e+03
22  45  2.381732e+03
22  46  9.909458e+02
22  47  -5.795688e+01
22  48  -6.997413e+02
22  49  -6.238314e+02
22  50  -9.333355e+01
22  51  -2.084568e+02
22  52  4.237727e+01
22  53  3.982654e+01
22  54  -3.745112e+00
22  55  -5.256891e+02
22  56  -1.378038e+02
22  57  -2.064647e+01
22  58  4.093362e+01
22  59  -3.555586e+02
22  60  -2.020538e+02
22  61  2.504021e+01
22  62  -4.733026e+01
22  63  6.600175e+01
22  64  -1.577494e+02
22  65  -1.926122e+02
22  66  -6.473816e+01
22  67  -8.040023e+01
22  68  1.398117e+02
22  69  -9.027063e+01
22  70  -4.680741e+01
22  71  -2.913726e+01
22  72  2.332371e+01
22  73  2.109479e+01
22  74  4.059156e+01
22  75  -1.607592e+01
22  76  3.913433e+01
22  77  -2.240586e+01
22  78  2.207373e+01
22  79  -4.072907e+01
23  0  2.413175e+03
23  1  -6.251976e+03
23  2  3.829850e+03
23  3  4.253196e+03
23  4  3.213764e+03
23  5  3.777087e+03
23  6  1.903040e+03
23  7  1.533795e+03
23  8  1.420112e+03
23  9  1.382997e+03
23  10  1.003585e+03
23  11  9.650366e+02
23  12  7.828431e+02
23  13  8.149131e+02
23  14  6.185023e+02
23  15  4.018453e+02
23  16  4.771461e+02
23  17  5.839031e+02
23  18  6.290769e+02
23  19  6.135933e+02
23  20  5.320187e+02
23  21  5.398756e+02
23  22  6.977005e+02
23  23  2.063703e+03
23  24  6.304907e+02
23  25  4.009055e+02
23  26  3.874302e+02
23  27  4.083202e+02
23  28  3.682045e+02
23  29  3.452869e+02
23  30  3.110669e+02
23  31  2.448928e+02
23  32  2.853338e+02
23  33  2.743319e+02
23  34  2.459998e+02
23  35  2.447476e+02
23  36  2.466747e+02
23  37  2.141162e+02
23  38  2.020468e+02
23  39  1.536013e+02
23  40  -2.157898e+04
23  41  -4.896197e+03
23  42  -3.204060e+03
23  43  5.205248e+02
23  44  2.947445e+02
23  45  8.605127e+02
23  46  7.731204e+02
23  47  1.878057e+02
23  48  -5.875869e+01
23  49  -1.313770e+03
23  50  -4.338928e+02
23  51  -4.327976e+02
23  52  9.714106e+01
23  53  2.215898e+02
23  54  7.228765e+01
23  55  -5.342099e+02
23  56  -4.894586e+02
23  57  5.060021e+01
23  58  -1.789747e+02
23  59  -2.582300e+02
23  60  -3.388937e+02
23  61  6.377155e+01
23  62  2.309638e+02
23  63  -1.334132e+02
23  64  -9.567861e+01
23  65  -1.829786e+02
23  66  -1.922579e+02
23  67  -1.971602e+02
23  68  2.126474e+01
23  69  -2.673695e-01
23  70  -1.617716e+02
23  71  -1.614919e+01
23  72  -1.318414e+02
23  73  -6.289595e+01
23  74  -1.287241e+00
23  75  -1.157055e+00
23  76  -6.682202e+01
23  77  -9.941570e+01
23  78  -5.016141e+01
23  79  -2.758125e+01
24  0  1.309029e+04
24  1  -1.002050e+04
24  2  -1.113148e+03
24  3  2.789090e+03
24  4  2.117181e+03
24  5  2.036723e+03
24  6  1.388294e+03
24  7  1.857646e+03
24  8  1.325900e+03
24  9  7.806377e+02
