0  0  1.212324e+08
0  1  1.006207e+08
0  2  8.228448e+07
0  3  6.585518e+07
0  4  5.126529e+07
0  5  3.856494e+07
0  6  2.781548e+07
0  7  1.903418e+07
0  8  1.217095e+07
0  9  7.102776e+06
0  10  3.636845e+06
0  11  1.518748e+06
0  12  4.463177e+05
0  13  8.854707e+04
0  14  1.050375e+05
0  15  2.019490e+05
0  16  1.778985e+05
0  17  8.011453e+04
0  18  5.228282e+04
0  19  1.324863e+05
0  20  2.367565e+05
0  21  2.528133e+05
0  22  6.832454e+04
0  23  8.926236e+03
0  24  7.860164e+04
0  25  -6.508116e+04
0  26  -2.492082e+03
0  27  -2.037720e+03
0  28  1.186635e+04
0  29  2.244382e+04
0  30  5.665538e+03
0  31  3.164263e+04
0  32  7.909624e+03
0  33  5.903887e+03
0  34  2.938011e+03
0  35  -5.147455e+03
0  36  -2.992073e+02
0  37  -7.576089e+03
0  38  -1.608057e+04
0  39  -1.643196e+04
0  40  4.409260e+07
0  41  4.424541e+07
0  42  4.395825e+07
0  43  4.313004e+07
0  44  4.165426e+07
0  45  3.942595e+07
0  46  3.635332e+07
0  47  3.237633e+07
0  48  2.749524e+07
0  49  2.181356e+07
0  50  1.560156e+07
0  51  9.388742e+06
0  52  4.097263e+06
0  53  1.000320e+06
0  54  2.711990e+05
0  55  9.943664e+05
0  56  1.430393e+06
0  57  8.759011e+05
0  58  4.847012e+04
0  59  -2.483365e+05
0  60  1.668359e+03
0  61  4.625729e+05
0  62  4.151058e+05
0  63  7.594945e+04
0  64  9.476170e+04
0  65  4.567342e+04
0  66  -2.498326e+03
0  67  -3.854702e+04
0  68  -7.620150e+04
0  69  -4.193903e+04
0  70  -7.671453e+04
0  71  4.335339e+04
0  72  -4.215000e+04
0  73  -4.473744e+04
0  74  -2.023586e+04
0  75  -3.969938e+04
0  76  -2.716763e+04
0  77  -2.509749e+04
0  78  -3.610729e+04
0  79  -1.968486e+04
1  0  1.006207e+08
1  1  9.449436e+07
1  2  8.679370e+07
1  3  7.749484e+07
1  4  6.682786e+07
1  5  5.521101e+07
1  6  4.318734e+07
1  7  3.137136e+07
1  8  2.040590e+07
1  9  1.092325e+07
1  10  3.501680e+06
1  11  -1.389423e+06
1  12  -3.454558e+06
1  13  -2.812323e+06
1  14  -8.832259e+05
1  15  7.220976e+05
1  16  9.540848e+05
1  17  3.259115e+05
1  18  -7.899186e+04
1  19  7.673482e+04
1  20  2.755956e+05
1  21  2.462813e+05
1  22  9.023274e+04
1  23  5.005115e+04
1  24  8.482372e+04
1  25  -2.485921e+04
1  26  2.094438e+04
1  27  7.673725e+03
1  28  8.528142e+03
1  29  2.417592e+04
1  30  1.298289e+04
1  31  3.826577e+04
1  32  5.361261e+03
1  33  2.637173e+03
1  34  -2.343478e+03
1  35  -6.871057e+03
1  36  -3.700769e+03
1  37  -6.672179e+03
1  38  -1.413296e+04
1  39  -1.544054e+04
1  40  3.770506e+07
1  41  3.867986e+07
1  42  3.921295e+07
1  43  3.918861e+07
1  44  3.848297e+07
1  45  3.697117e+07
1  46  3.453960e+07
1  47  3.110567e+07
1  48  2.664858e+07
1  49  2.125585e+07
1  50  1.519245e+07
1  51  9.002021e+06
1  52  3.653247e+06
1  53  5.038548e+05
1  54  -2.228170e+05
1  55  5.917378e+05
1  56  1.249281e+06
1  57  9.948921e+05
1  58  3.597366e+05
1  59  -2.201751e+04
1  60  -3.904541e+04
1  61  1.836952e+05
1  62  1.826597e+05
1  63  2.134980e+04
1  64  6.490903e+04
1  65  1.041362e+05
1  66  4.485989e+04
1  67  -2.455140e+04
1  68  -7.882708e+04
1  69  -8.457074e+03
1  70  -6.967026e+04
1  71  3.975186e+04
1  72  -3.888544e+04
1  73  -4.116826e+04
1  74  -1.315533e+04
1  75  -3.492564e+04
1  76  -2.184273e+04
1  77  -2.550855e+04
1  78  -3.588086e+04
1  79  -1.847638e+04
2  0  8.228448e+07
2  1  8.679370e+07
2  2  8.711763e+07
2  3  8.342397e+07
2  4  7.611208e+07
2  5  6.582639e+07
2  6  5.342345e+07
2  7  3.991800e+07
2  8  2.642366e+07
2  9  1.408915e+07
2  10  4.021918e+06
2  11  -2.809227e+06
2  12  -5.690875e+06
2  13  -4.572044e+06
2  14  -1.535195e+06
2  15  9.848882e+05
2  16  1.398903e+06
2  17  4.778461e+05
2  18  -1.436680e+05
2  19  4.972628e+04
2  20  2.910296e+05
2  21  2.272441e+05
2  22  1.024828e+05
2  23  8.093128e+04
2  24  8.813965e+04
2  25  5.809214e+03
2  26  3.710158e+04
2  27  1.492112e+04
2  28  7.091537e+03
2  29  2.431054e+04
2  30  1.822148e+04
2  31  4.220239e+04
2  32  4.054408e+03
2  33  7.911687e+01
2  34  -6.256223e+03
2  35  -7.687333e+03
2  36  -6.030708e+03
2  37  -6.044416e+03
2  38  -1.230945e+04
2  39  -1.438559e+04
2  40  3.200023e+07
2  41  3.358266e+07
2  42  3.473658e+07
2  43  3.533849e+07
2  44  3.525482e+07
2  45  3.434886e+07
2  46  3.249303e+07
2  47  2.958881e+07
2  48  2.559805e+07
2  49  2.059051e+07
2  50  1.481483e+07
2  51  8.802732e+06
2  52  3.520039e+06
2  53  3.380036e+05
2  54  -4.783096e+05
2  55  2.754666e+05
2  56  1.037209e+06
2  57  1.043531e+06
2  58  6.107333e+05
2  59  1.716751e+05
2  60  -5.867919e+04
2  61  -9.139952e+03
2  62  2.508280e+04
2  63  -1.259383e+04
2  64  4.181303e+04
2  65  1.398526e+05
2  66  7.666057e+04
2  67  -1.713426e+04
2  68  -7.821925e+04
2  69  1.594793e+04
2  70  -6.175662e+04
2  71  3.441327e+04
2  72  -3.565714e+04
2  73  -3.793905e+04
2  74  -7.263512e+03
2  75  -3.090941e+04
2  76  -1.750651e+04
2  77  -2.564518e+04
2  78  -3.547532e+04
2  79  -1.747498e+04
3  0  6.585518e+07
3  1  7.749484e+07
3  2  8.342397e+07
3  3  8.390553e+07
3  4  7.941004e+07
3  5  7.068661e+07
3  6  5.874889e+07
3  7  4.482392e+07
3  8  3.028394e+07
3  9  1.656830e+07
3  10  5.088378e+06
3  11  -2.893309e+06
3  12  -6.408589e+06
3  13  -5.275857e+06
3  14  -1.859773e+06
3  15  1.030349e+06
3  16  1.550219e+06
3  17  5.443299e+05
3  18  -1.515343e+05
3  19  4.632066e+04
3  20  2.855307e+05
3  21  1.984382e+05
3  22  1.049513e+05
3  23  9.992587e+04
3  24  8.818058e+04
3  25  2.829101e+04
3  26  4.703698e+04
3  27  1.952356e+04
3  28  6.475098e+03
3  29  2.340137e+04
3  30  2.158420e+04
3  31  4.349583e+04
3  32  3.557541e+03
3  33  -1.828766e+03
3  34  -8.979538e+03
3  35  -7.827074e+03
3  36  -7.436166e+03
3  37  -5.697059e+03
3  38  -1.069681e+04
3  39  -1.318724e+04
3  40  2.684169e+07
3  41  2.882764e+07
3  42  3.041366e+07
3  43  3.147537e+07
3  44  3.187700e+07
3  45  3.147797e+07
3  46  3.014447e+07
3  47  2.776854e+07
3  48  2.429825e+07
3  49  1.978375e+07
3  50  1.444623e+07
3  51  8.779403e+06
3  52  3.697016e+06
3  53  5.129722e+05
3  54  -4.758520e+05
3  55  6.909868e+04
3  56  8.118322e+05
3  57  1.025445e+06
3  58  7.946095e+05
3  59  3.276107e+05
3  60  -6.290802e+04
3  61  -1.339010e+05
3  62  -7.682737e+04
3  63  -3.309764e+04
3  64  2.677832e+04
3  65  1.565373e+05
3  66  9.500243e+04
3  67  -1.413350e+04
3  68  -7.400530e+04
3  69  3.183782e+04
3  70  -5.282034e+04
3  71  2.876904e+04
3  72  -3.197268e+04
3  73  -3.505356e+04
3  74  -2.671830e+03
3  75  -2.704443e+04
3  76  -1.382608e+04
3  77  -2.534533e+04
3  78  -3.446191e+04
3  79  -1.642955e+04
4  0  5.126529e+07
4  1  6.682786e+07
4  2  7.611208e+07
4  3  7.941004e+07
4  4  7.719181e+07
4  5  7.020549e+07
4  6  5.948228e+07
4  7  4.628866e+07
4  8  3.205912e+07
4  9  1.831484e+07
4  10  6.563875e+06
4  11  -1.825991e+06
4  12  -5.780885e+06
4  13  -5.026029e+06
4  14  -1.870780e+06
4  15  9.025076e+05
4  16  1.450927e+06
4  17  5.351851e+05
4  18  -1.127334e+05
4  19  6.240405e+04
4  20  2.630401e+05
4  21  1.629546e+05
4  22  9.850440e+04
4  23  1.067636e+05
4  24  8.473642e+04
4  25  4.367945e+04
4  26  5.155797e+04
4  27  2.181532e+04
4  28  6.052319e+03
4  29  2.180575e+04
4  30  2.322649e+04
4  31  4.230855e+04
4  32  3.560824e+03
4  33  -3.137422e+03
4  34  -1.057555e+04
4  35  -7.455190e+03
4  36  -8.009417e+03
4  37  -5.571860e+03
4  38  -9.334274e+03
4  39  -1.180831e+04
4  40  2.217722e+07
4  41  2.437489e+07
4  42  2.621553e+07
4  43  2.758021e+07
4  44  2.833812e+07
4  45  2.835227e+07
4  46  2.748994e+07
4  47  2.563995e+07
4  48  2.274017e+07
4  49  1.881972e+07
4  50  1.406244e+07
4  51  8.900406e+06
4  52  4.150314e+06
4  53  1.003528e+06
4  54  -2.225163e+05
4  55  -1.539454e+04
4  56  5.907060e+05
4  57  9.479276e+05
4  58  9.070875e+05
4  59  4.415626e+05
4  60  -5.539564e+04
4  61  -2.020541e+05
4  62  -1.353539e+05
4  63  -4.507312e+04
4  64  1.991289e+04
4  65  1.572847e+05
4  66  1.015210e+05
4  67  -1.385646e+04
4  68  -6.597765e+04
4  69  3.977829e+04
4  70  -4.291104e+04
4  71  2.363993e+04
4  72  -2.759391e+04
4  73  -3.237628e+04
4  74  6.158982e+02
4  75  -2.311097e+04
4  76  -1.067029e+04
4  77  -2.450698e+04
4  78  -3.267650e+04
4  79  -1.521698e+04
5  0  3.856494e+07
5  1  5.521101e+07
5  2  6.582639e+07
5  3  7.068661e+07
5  4  7.020549e+07
5  5  6.504770e+07
5  6  5.614246e+07
5  7  4.464841e+07
5  8  3.189188e+07
5  9  1.929361e+07
5  10  8.276699e+06
5  11  1.485142e+05
5  12  -4.043156e+06
5  13  -3.966723e+06
5  14  -1.594667e+06
5  15  6.545435e+05
5  16  1.156069e+06
5  17  4.639459e+05
5  18  -3.924486e+04
5  19  9.350204e+04
5  20  2.285407e+05
5  21  1.240043e+05
5  22  8.475731e+04
5  23  1.024754e+05
5  24  7.792631e+04
5  25  5.304875e+04
5  26  5.150904e+04
5  27  2.242277e+04
5  28  5.559195e+03
5  29  1.977709e+04
5  30  2.336366e+04
5  31  3.896252e+04
5  32  3.843802e+03
5  33  -3.922385e+03
5  34  -1.107389e+04
5  35  -6.698617e+03
5  36  -7.835942e+03
5  37  -5.562952e+03
5  38  -8.213225e+03
5  39  -1.024672e+04
5  40  1.799111e+07
5  41  2.022668e+07
5  42  2.215988e+07
5  43  2.368282e+07
5  44  2.467582e+07
5  45  2.501215e+07
5  46  2.456670e+07
5  47  2.323079e+07
5  48  2.093568e+07
5  49  1.768899e+07
5  50  1.362967e+07
5  51  9.109230e+06
5  52  4.810501e+06
5  53  1.748152e+06
5  54  2.479013e+05
5  55  2.235859e+04
5  56  3.918108e+05
5  57  8.234502e+05
5  58  9.485923e+05
5  59  5.116250e+05
5  60  -3.868445e+04
5  61  -2.222707e+05
5  62  -1.591044e+05
5  63  -5.174857e+04
5  64  2.039962e+04
5  65  1.452242e+05
5  66  9.799271e+04
5  67  -1.486425e+04
5  68  -5.436378e+04
5  69  4.066203e+04
5  70  -3.234022e+04
5  71  1.938001e+04
5  72  -2.246400e+04
5  73  -2.972424e+04
5  74  2.693990e+03
5  75  -1.913133e+04
5  76  -7.992982e+03
5  77  -2.307697e+04
5  78  -3.015172e+04
5  79  -1.381451e+04
6  0  2.781548e+07
6  1  4.318734e+07
6  2  5.342345e+07
6  3  5.874889e+07
6  4  5.948228e+07
6  5  5.614246e+07
6  6  4.946928e+07
6  7  4.039778e+07
6  8  3.001331e+07
6  9  1.949116e+07
6  10  1.002327e+07
6  11  2.721700e+06
6  12  -1.500657e+06
6  13  -2.290043e+06
6  14  -1.072861e+06
6  15  3.493122e+05
6  16  7.340725e+05
6  17  3.483579e+05
6  18  5.476300e+04
6  19  1.341967e+05
6  20  1.876805e+05
6  21  8.480483e+04
6  22  6.587058e+04
6  23  8.920999e+04
6  24  6.825625e+04
6  25  5.749321e+04
6  26  4.788346e+04
6  27  2.208193e+04
6  28  4.988708e+03
6  29  1.750282e+04
6  30  2.229499e+04
6  31  3.392870e+04
6  32  4.246456e+03
6  33  -4.275688e+03
6  34  -1.053289e+04
6  35  -5.668719e+03
6  36  -7.024596e+03
6  37  -5.544300e+03
6  38  -7.287317e+03
6  39  -8.534332e+03
6  40  1.428061e+07
6  41  1.640415e+07
6  42  1.828814e+07
6  43  1.984013e+07
6  44  2.095658e+07
6  45  2.152635e+07
6  46  2.143747e+07
6  47  2.058872e+07
6  48  1.890836e+07
6  49  1.638328e+07
6  50  1.310331e+07
6  51  9.326898e+06
6  52  5.577495e+06
6  53  2.654246e+06
6  54  8.782526e+05
6  55  1.717588e+05
6  56  2.326834e+05
6  57  6.692376e+05
6  58  9.248251e+05
6  59  5.387829e+05
6  60  -1.483074e+04
6  61  -2.026818e+05
6  62  -1.548999e+05
6  63  -5.491376e+04
6  64  2.668411e+04
6  65  1.236968e+05
6  66  8.651425e+04
6  67  -1.595090e+04
6  68  -3.988543e+04
6  69  3.580712e+04
6  70  -2.161193e+04
6  71  1.602420e+04
6  72  -1.671493e+04
6  73  -2.692279e+04
6  74  3.729349e+03
6  75  -1.525883e+04
6  76  -5.776151e+03
6  77  -2.105859e+04
6  78  -2.704367e+04
6  79  -1.226134e+04
7  0  1.903418e+07
7  1  3.137136e+07
7  2  3.991800e+07
7  3  4.482392e+07
7  4  4.628866e+07
7  5  4.464841e+07
7  6  4.039778e+07
7  7  3.417665e+07
7  8  2.673982e+07
7  9  1.891994e+07
7  10  1.157635e+07
7  11  5.529986e+06
7  12  1.479322e+06
7  13  -2.314775e+05
7  14  -3.610778e+05
7  15  5.733405e+04
7  16  2.647432e+05
7  17  2.098974e+05
7  18  1.532152e+05
7  19  1.779624e+05
7  20  1.463962e+05
7  21  4.853307e+04
7  22  4.434843e+04
7  23  6.994918e+04
7  24  5.660923e+04
7  25  5.806594e+04
7  26  4.184840e+04
7  27  2.147668e+04
7  28  4.475216e+03
7  29  1.512564e+04
7  30  2.038755e+04
7  31  2.778765e+04
7  32  4.644088e+03
7  33  -4.283069e+03
7  34  -9.077493e+03
7  35  -4.479085e+03
7  36  -5.724739e+03
7  37  -5.399768e+03
7  38  -6.489206e+03
7  39  -6.736993e+03
7  40  1.104705e+07
7  41  1.293732e+07
7  42  1.465469e+07
7  43  1.612514e+07
7  44  1.726475e+07
7  45  1.798190e+07
7  46  1.818187e+07
7  47  1.777503e+07
7  48  1.669018e+07
7  49  1.489573e+07
7  50  1.243199e+07
7  51  9.459525e+06
7  52  6.330268e+06
7  53  3.607311e+06
7  54  1.594051e+06
7  55  4.129623e+05
7  56  1.293866e+05
7  57  5.059841e+05
7  58  8.463683e+05
7  59  5.269047e+05
7  60  1.411918e+04
7  61  -1.523066e+05
7  62  -1.290490e+05
7  63  -5.514098e+04
7  64  3.666276e+04
7  65  9.626073e+04
7  66  6.948335e+04
7  67  -1.616217e+04
7  68  -2.370533e+04
7  69  2.692740e+04
7  70  -1.131203e+04
7  71  1.344103e+04
7  72  -1.068368e+04
7  73  -2.383910e+04
7  74  3.925603e+03
7  75  -1.168657e+04
7  76  -4.006661e+03
7  77  -1.852313e+04
7  78  -2.356198e+04
7  79  -1.062144e+04
8  0  1.217095e+07
8  1  2.040590e+07
8  2  2.642366e+07
8  3  3.028394e+07
8  4  3.205912e+07
8  5  3.189188e+07
8  6  3.001331e+07
8  7  2.673982e+07
8  8  2.246074e+07
8  9  1.762043e+07
8  10  1.269759e+07
8  11  8.172418e+06
8  12  4.484382e+06
8  13  1.940636e+06
8  14  4.728889e+05
8  15  -1.468515e+05
8  16  -1.646576e+05
8  17  7.275618e+04
8  18  2.388414e+05
8  19  2.172748e+05
8  20  1.105247e+05
8  21  1.828804e+04
8  22  2.283919e+04
8  23  4.816958e+04
8  24  4.419265e+04
8  25  5.570378e+04
8  26  3.472428e+04
8  27  2.109846e+04
8  28  4.184323e+03
8  29  1.276359e+04
8  30  1.804969e+04
8  31  2.117915e+04
8  32  4.928402e+03
8  33  -4.004076e+03
8  34  -6.914745e+03
8  35  -3.256006e+03
8  36  -4.131546e+03
8  37  -5.047488e+03
8  38  -5.749260e+03
8  39  -4.952114e+03
8  40  8.293895e+06
8  41  9.861730e+06
8  42  1.132237e+07
8  43  1.262172e+07
8  44  1.369728e+07
8  45  1.447920e+07
8  46  1.489268e+07
8  47  1.486276e+07
8  48  1.432226e+07
8  49  1.322481e+07
8  50  1.156498e+07
8  51  9.408800e+06
8  52  6.939068e+06
8  53  4.482153e+06
8  54  2.310985e+06
8  55  7.195289e+05
8  56  9.579479e+04
8  57  3.563533e+05
8  58  7.278016e+05
8  59  4.824054e+05
8  60  4.581781e+04
8  61  -8.185628e+04
8  62  -8.826993e+04
8  63  -5.214085e+04
8  64  4.788763e+04
8  65  6.664549e+04
8  66  4.951500e+04
8  67  -1.478923e+04
8  68  -7.324400e+03
8  69  1.603799e+04
8  70  -2.008787e+03
8  71  1.147076e+04
8  72  -4.898511e+03
8  73  -2.040027e+04
8  74  3.486617e+03
8  75  -8.576111e+03
8  76  -2.669152e+03
8  77  -1.561426e+04
8  78  -1.991326e+04
8  79  -8.955886e+03
9  0  7.102776e+06
9  1  1.092325e+07
9  2  1.408915e+07
9  3  1.656830e+07
9  4  1.831484e+07
9  5  1.929361e+07
9  6  1.949116e+07
9  7  1.891994e+07
9  8  1.762043e+07
9  9  1.566390e+07
9  10  1.315508e+07
9  11  1.023595e+07
9  12  7.081483e+06
9  13  3.940289e+06
9  14  1.352257e+06
9  15  -1.899087e+05
9  16  -4.650179e+05
9  17  -3.761529e+04
9  18  2.942872e+05
9  19  2.439871e+05
9  20  8.538907e+04
9  21  -2.999906e+03
9  22  3.936225e+03
9  23  2.748733e+04
9  24  3.245063e+04
9  25  5.119299e+04
9  26  2.792872e+04
9  27  2.114728e+04
9  28  4.225859e+03
9  29  1.053262e+04
9  30  1.570766e+04
9  31  1.475250e+04
9  32  4.997904e+03
9  33  -3.465540e+03
9  34  -4.328603e+03
9  35  -2.138464e+03
9  36  -2.479099e+03
9  37  -4.453240e+03
9  38  -5.011868e+03
9  39  -3.300955e+03
9  40  6.025428e+06
9  41  7.215863e+06
9  42  8.359058e+06
9  43  9.420683e+06
9  44  1.035979e+07
9  45  1.112874e+07
9  46  1.167379e+07
9  47  1.193660e+07
9  48  1.185729e+07
9  49  1.137985e+07
9  50  1.046092e+07
9  51  9.083598e+06
9  52  7.278513e+06
9  53  5.154789e+06
9  54  2.943004e+06
9  55  1.061507e+06
9  56  1.431059e+05
9  57  2.434219e+05
9  58  5.865697e+05
9  59  4.137336e+05
9  60  7.750304e+04
9  61  -3.900061e+03
9  62  -4.025650e+04
9  63  -4.526651e+04
9  64  5.778427e+04
9  65  3.866624e+04
9  66  2.934607e+04
9  67  -1.133444e+04
9  68  7.543712e+03
9  69  5.327637e+03
9  70  5.808867e+03
9  71  1.002775e+04
9  72  -1.848624e+01
9  73  -1.660004e+04
9  74  2.587892e+03
9  75  -6.009584e+03
9  76  -1.742864e+03
9  77  -1.253896e+04
9  78  -1.626530e+04
9  79  -7.308707e+03
10  0  3.636845e+06
10  1  3.501680e+06
10  2  4.021918e+06
10  3  5.088378e+06
10  4  6.563875e+06
10  5  8.276699e+06
10  6  1.002327e+07
10  7  1.157635e+07
10  8  1.269759e+07
10  9  1.315508e+07
10  10  1.274699e+07
10  11  1.132980e+07
10  12  8.850357e+06
10  13  5.484442e+06
10  14  2.195382e+06
10  15  -6.814426e+03
10  16  -5.529978e+05
10  17  -9.654259e+04
10  18  3.036672e+05
10  19  2.500379e+05
10  20  7.536816e+04
10  21  -1.275826e+04
10  22  -1.002368e+04
10  23  1.130347e+04
10  24  2.293284e+04
10  25  4.519806e+04
10  26  2.287842e+04
10  27  2.150758e+04
10  28  4.603668e+03
10  29  8.567303e+03
10  30  1.378281e+04
10  31  9.123114e+03
10  32  4.759823e+03
10  33  -2.671645e+03
10  34  -1.655573e+03
10  35  -1.266184e+03
10  36  -1.020716e+03
10  37  -3.630550e+03
10  38  -4.245722e+03
10  39  -1.914264e+03
10  40  4.242063e+06
10  41  5.035695e+06
10  42  5.831694e+06
10  43  6.613758e+06
10  44  7.360866e+06
10  45  8.046376e+06
10  46  8.637031e+06
10  47  9.091915e+06
10  48  9.361390e+06
10  49  9.386124e+06
10  50  9.096328e+06
10  51  8.411445e+06
10  52  7.240588e+06
10  53  5.514242e+06
10  54  3.410247e+06
10  55  1.408335e+06
10  56  2.791302e+05
10  57  1.888820e+05
10  58  4.416130e+05
10  59  3.307052e+05
10  60  1.060978e+05
10  61  6.771924e+04
10  62  6.264250e+03
10  63  -3.408499e+04
10  64  6.387161e+04
10  65  1.604686e+04
10  66  1.171626e+04
10  67  -5.481146e+03
10  68  1.912513e+04
10  69  -2.998462e+03
10  70  1.175294e+04
10  71  9.150640e+03
10  72  3.271215e+03
10  73  -1.249566e+04
10  74  1.362735e+03
10  75  -3.969837e+03
10  76  -1.195961e+03
10  77  -9.543213e+03
10  78  -1.273569e+04
10  79  -5.705616e+03
11  0  1.518748e+06
11  1  -1.389423e+06
11  2  -2.809227e+06
11  3  -2.893309e+06
11  4  -1.825991e+06
11  5  1.485142e+05
11  6  2.721700e+06
11  7  5.529986e+06
11  8  8.172418e+06
11  9  1.023595e+07
11  10  1.132980e+07
11  11  1.112971e+07
11  12  9.427079e+06
11  13  6.320210e+06
11  14  2.921443e+06
11  15  4.501689e+05
11  16  -3.608501e+05
11  17  -8.287495e+04
11  18  2.545306e+05
11  19  2.285378e+05
11  20  8.349033e+04
11  21  -9.061955e+03
11  22  -1.715637e+04
11  23  2.464078e+03
11  24  1.710600e+04
11  25  3.834527e+04
11  26  2.083992e+04
11  27  2.183105e+04
11  28  5.209600e+03
11  29  7.030038e+03
11  30  1.265861e+04
11  31  4.835712e+03
11  32  4.143427e+03
11  33  -1.627267e+03
11  34  7.565449e+02
11  35  -7.573926e+02
11  36  2.694781e+00
11  37  -2.627725e+03
11  38  -3.445546e+03
11  39  -9.115358e+02
11  40  2.931543e+06
11  41  3.345104e+06
11  42  3.796284e+06
11  43  4.283597e+06
11  44  4.802716e+06
11  45  5.345054e+06
11  46  5.895757e+06
11  47  6.430877e+06
11  48  6.913421e+06
11  49  7.287850e+06
11  50  7.472435e+06
11  51  7.348670e+06
11  52  6.746648e+06
11  53  5.473543e+06
11  54  3.646259e+06
11  55  1.730997e+06
11  56  5.068986e+05
11  57  2.107336e+05
11  58  3.116612e+05
11  59  2.436340e+05
11  60  1.284998e+05
11  61  1.193066e+05
11  62  4.215425e+04
11  63  -1.888857e+04
11  64  6.396848e+04
11  65  2.095956e+03
11  66  -8.144417e+02
11  67  2.892984e+03
11  68  2.578244e+04
11  69  -6.915984e+03
11  70  1.553309e+04
11  71  8.990679e+03
11  72  4.388416e+03
11  73  -8.195062e+03
11  74  -9.165489e+01
11  75  -2.352592e+03
11  76  -9.768960e+02
11  77  -6.874789e+03
11  78  -9.404590e+03
11  79  -4.162537e+03
12  0  4.463177e+05
12  1  -3.454558e+06
12  2  -5.690875e+06
12  3  -6.408589e+06
12  4  -5.780885e+06
12  5  -4.043156e+06
12  6  -1.500657e+06
12  7  1.479322e+06
12  8  4.484382e+06
12  9  7.081483e+06
12  10  8.850357e+06
12  11  9.427079e+06
12  12  8.555111e+06
12  13  6.257326e+06
12  14  3.457987e+06
12  15  1.201778e+06
12  16  1.524511e+05
12  17  1.771857e+04
12  18  1.400111e+05
12  19  1.751520e+05
12  20  1.111389e+05
12  21  9.032482e+03
12  22  -1.619400e+04
12  23  2.963314e+03
12  24  1.610876e+04
12  25  3.132648e+04
12  26  2.273298e+04
12  27  2.173065e+04
12  28  5.862019e+03
12  29  6.098947e+03
12  30  1.262984e+04
12  31  2.332460e+03
12  32  3.121262e+03
12  33  -3.659914e+02
12  34  2.602510e+03
12  35  -6.816397e+02
12  36  4.025977e+02
12  37  -1.504252e+03
12  38  -2.624522e+03
12  39  -3.764444e+02
12  40  2.058282e+06
12  41  2.143951e+06
12  42  2.285108e+06
12  43  2.490587e+06
12  44  2.768106e+06
12  45  3.122710e+06
12  46  3.554383e+06
12  47  4.054442e+06
12  48  4.600229e+06
12  49  5.147358e+06
12  50  5.618557e+06
12  51  5.887703e+06
12  52  5.757168e+06
12  53  4.978999e+06
12  54  3.603871e+06
12  55  2.003192e+06
12  56  8.225588e+05
12  57  3.204922e+05
12  58  2.131872e+05
12  59  1.622297e+05
12  60  1.420009e+05
12  61  1.394861e+05
12  62  5.920305e+04
12  63  -1.022964e+03
12  64  5.636632e+04
12  65  -7.735271e+02
12  66  -6.134466e+03
12  67  1.364245e+04
12  68  2.625914e+04
12  69  -4.819729e+03
12  70  1.695003e+04
12  71  9.736830e+03
12  72  2.977761e+03
12  73  -3.833505e+03
12  74  -1.687921e+03
12  75  -1.011879e+03
12  76  -1.007418e+03
12  77  -4.739070e+03
12  78  -6.346606e+03
12  79  -2.700119e+03
13  0  8.854707e+04
13  1  -2.812323e+06
13  2  -4.572044e+06
13  3  -5.275857e+06
13  4  -5.026029e+06
13  5  -3.966723e+06
13  6  -2.290043e+06
13  7  -2.314775e+05
13  8  1.940636e+06
13  9  3.940289e+06
13  10  5.484442e+06
13  11  6.320210e+06
13  12  6.257326e+06
13  13  5.258161e+06
13  14  3.731889e+06
13  15  2.174068e+06
13  16  9.473819e+05
13  17  2.081225e+05
13  18  -2.055871e+04
13  19  9.589062e+04
13  20  1.531996e+05
13  21  3.921944e+04
13  22  -6.850478e+03
13  23  1.260527e+04
13  24  1.978426e+04
13  25  2.492702e+04
13  26  2.829462e+04
13  27  2.101591e+04
13  28  6.405939e+03
13  29  5.877381e+03
13  30  1.363920e+04
13  31  1.823940e+03
13  32  1.826607e+03
13  33  1.018460e+03
13  34  3.701003e+03
13  35  -9.863029e+02
13  36  1.455435e+02
13  37  -3.290977e+02
13  38  -1.816223e+03
13  39  -3.020914e+02
13  40  1.540469e+06
13  41  1.384919e+06
13  42  1.284412e+06
13  43  1.252757e+06
13  44  1.304063e+06
13  45  1.451435e+06
13  46  1.704860e+06
13  47  2.067890e+06
13  48  2.532592e+06
13  49  3.072031e+06
13  50  3.629223e+06
13  51  4.101117e+06
13  52  4.315600e+06
13  53  4.041944e+06
13  54  3.264830e+06
13  55  2.188027e+06
13  56  1.193564e+06
13  57  5.103317e+05
13  58  1.596592e+05
13  59  9.661985e+04
13  60  1.450132e+05
13  61  1.246097e+05
13  62  5.357026e+04
13  63  1.575852e+04
13  64  4.054400e+04
13  65  7.491603e+03
13  66  -3.544955e+03
13  67  2.586458e+04
13  68  2.056557e+04
13  69  3.425248e+03
13  70  1.599184e+04
13  71  1.129045e+04
13  72  -6.979587e+02
13  73  3.258895e+02
13  74  -3.278209e+03
13  75  1.375937e+02
13  76  -1.172269e+03
13  77  -3.214793e+03
13  78  -3.680910e+03
13  79  -1.374846e+03
14  0  1.050375e+05
14  1  -8.832259e+05
14  2  -1.535195e+06
14  3  -1.859773e+06
14  4  -1.870780e+06
14  5  -1.594667e+06
14  6  -1.072861e+06
14  7  -3.610778e+05
14  8  4.728889e+05
14  9  1.352257e+06
14  10  2.195382e+06
14  11  2.921443e+06
14  12  3.457987e+06
14  13  3.731889e+06
14  14  3.590653e+06
14  15  2.908963e+06
14  16  1.689075e+06
14  17  4.717449e+05
14  18  -9.034845e+04
14  19  3.851462e+04
14  20  1.749649e+05
14  21  6.607462e+04
14  22  8.731076e+03
14  23  2.344608e+04
14  24  2.313297e+04
14  25  1.970927e+04
14  26  3.303631e+04
14  27  1.971934e+04
14  28  6.948583e+03
14  29  6.053553e+03
14  30  1.427705e+04
14  31  2.746536e+03
14  32  9.969197e+02
14  33  2.349666e+03
14  34  4.132968e+03
14  35  -1.275223e+03
14  36  -3.388958e+02
14  37  6.833872e+02
14  38  -1.140799e+03
14  39  -4.350975e+02
14  40  1.189015e+06
14  41  9.166156e+05
14  42  6.856861e+05
14  43  5.099206e+05
14  44  4.041637e+05
14  45  3.836008e+05
14  46  4.623422e+05
14  47  6.511090e+05
14  48  9.536063e+05
14  49  1.360998e+06
14  50  1.843667e+06
14  51  2.339107e+06
14  52  2.734357e+06
14  53  2.865926e+06
14  54  2.670232e+06
14  55  2.172828e+06
14  56  1.463081e+06
14  57  7.029270e+05
14  58  1.673251e+05
14  59  6.806904e+04
14  60  1.388539e+05
14  61  9.335504e+04
14  62  3.447903e+04
14  63  1.983669e+04
14  64  2.019335e+04
14  65  2.007980e+04
14  66  2.885226e+03
14  67  3.618794e+04
14  68  1.318754e+04
14  69  1.241106e+04
14  70  1.337434e+04
14  71  1.214622e+04
14  72  -4.361480e+03
14  73  3.251260e+03
14  74  -4.490021e+03
14  75  9.063327e+02
14  76  -1.287905e+03
14  77  -2.046257e+03
14  78  -1.605220e+03
14  79  -3.410041e+02
15  0  2.019490e+05
15  1  7.220976e+05
15  2  9.848882e+05
15  3  1.030349e+06
15  4  9.025076e+05
15  5  6.545435e+05
15  6  3.493122e+05
15  7  5.733405e+04
15  8  -1.468515e+05
15  9  -1.899087e+05
15  10  -6.814426e+03
15  11  4.501689e+05
15  12  1.201778e+06
15  13  2.174068e+06
15  14  2.908963e+06
15  15  2.932294e+06
15  16  2.019507e+06
15  17  7.846475e+05
15  18  7.128348e+04
15  19  5.272287e+04
15  20  1.402513e+05
15  21  7.296992e+04
15  22  2.746636e+04
15  23  2.662781e+04
15  24  2.070168e+04
15  25  1.591885e+04
15  26  3.230044e+04
15  27  1.792563e+04
15  28  7.734750e+03
15  29  6.154959e+03
15  30  1.304958e+04
15  31  4.275844e+03
15  32  1.338024e+03
15  33  3.507422e+03
15  34  4.048341e+03
15  35  -1.180620e+03
15  36  -5.821445e+02
15  37  1.276818e+03
15  38  -7.105879e+02
15  39  -4.989675e+02
15  40  8.315346e+05
15  41  5.875801e+05
15  42  3.654071e+05
15  43  1.744222e+05
15  44  2.529128e+04
15  45  -7.035096e+04
15  46  -1.004915e+05
15  47  -5.378330e+04
15  48  7.873482e+04
15  49  3.009303e+05
15  50  6.074379e+05
15  51  9.774707e+05
15  52  1.365711e+06
15  53  1.695742e+06
15  54  1.890403e+06
15  55  1.855264e+06
15  56  1.470755e+06
15  57  8.137967e+05
15  58  2.478529e+05
15  59  9.678500e+04
15  60  1.262819e+05
15  61  6.636570e+04
15  62  1.294226e+04
15  63  1.248846e+03
15  64  7.278939e+01
15  65  2.963218e+04
15  66  8.140162e+03
15  67  4.154759e+04
15  68  9.235138e+03
15  69  1.597228e+04
15  70  1.014389e+04
15  71  1.059374e+04
15  72  -5.714824e+03
15  73  3.869098e+03
15  74  -4.999505e+03
15  75  1.058406e+03
15  76  -1.207433e+03
15  77  -9.551266e+02
15  78  -2.255466e+02
15  79  2.808647e+02
16  0  1.778985e+05
16  1  9.540848e+05
16  2  1.398903e+06
16  3  1.550219e+06
16  4  1.450927e+06
16  5  1.156069e+06
16  6  7.340725e+05
16  7  2.647432e+05
16  8  -1.646576e+05
16  9  -4.650179e+05
16  10  -5.529978e+05
16  11  -3.608501e+05
16  12  1.524511e+05
16  13  9.473819e+05
16  14  1.689075e+06
16  15  2.019507e+06
16  16  1.741008e+06
16  17  1.107253e+06
16  18  5.170441e+05
16  19  1.640774e+05
16  20  3.849027e+04
16  21  5.197151e+04
16  22  4.574642e+04
16  23  1.766991e+04
16  24  9.987272e+03
16  25  1.355699e+04
16  26  2.398682e+04
16  27  1.563111e+04
16  28  8.833123e+03
16  29  5.838047e+03
16  30  9.303810e+03
16  31  5.688358e+03
16  32  3.143849e+03
16  33  4.423276e+03
16  34  3.580159e+03
16  35  -5.323218e+02
16  36  -3.255005e+02
16  37  1.304279e+03
16  38  -5.669996e+02
16  39  -3.299203e+02
16  40  3.795531e+05
16  41  2.987977e+05
16  42  2.202673e+05
16  43  1.463205e+05
16  44  7.992632e+04
16  45  2.476606e+04
16  46  -1.465980e+04
16  47  -3.292865e+04
16  48  -2.360668e+04
16  49  2.080832e+04
16  50  1.088857e+05
16  51  2.501624e+05
16  52  4.548863e+05
16  53  7.272497e+05
16  54  1.018078e+06
16  55  1.213420e+06
16  56  1.139796e+06
16  57  7.896722e+05
16  58  3.941165e+05
16  59  1.880883e+05
16  60  1.117281e+05
16  61  5.647581e+04
16  62  -3.118053e+03
16  63  -4.102525e+04
16  64  -1.542030e+04
16  65  3.188810e+04
16  66  8.753450e+03
16  67  4.038774e+04
16  68  1.170002e+04
16  69  1.060204e+04
16  70  7.241197e+03
16  71  5.919513e+03
16  72  -3.486477e+03
16  73  1.748650e+03
16  74  -4.653217e+03
16  75  5.771203e+02
16  76  -8.464314e+02
16  77  1.915177e+02
16  78  4.876657e+02
16  79  4.508695e+02
17  0  8.011453e+04
17  1  3.259115e+05
17  2  4.778461e+05
17  3  5.443299e+05
17  4  5.351851e+05
17  5  4.639459e+05
17  6  3.483579e+05
17  7  2.098974e+05
17  8  7.275618e+04
17  9  -3.761529e+04
17  10  -9.654259e+04
17  11  -8.287495e+04
17  12  1.771857e+04
17  13  2.081225e+05
17  14  4.717449e+05
17  15  7.846475e+05
17  16  1.107253e+06
17  17  1.234548e+06
17  18  9.367717e+05
17  19  3.339088e+05
17  20  -1.220236e+04
17  21  2.647456e+04
17  22  4.949852e+04
17  23  8.138606e+03
17  24  -9.945892e+02
17  25  1.302489e+04
17  26  1.385517e+04
17  27  1.337098e+04
17  28  9.943822e+03
17  29  5.612767e+03
17  30  5.408182e+03
17  31  6.418129e+03
17  32  5.460098e+03
17  33  4.861327e+03
17  34  3.151945e+03
17  35  4.712934e+02
17  36  2.472103e+02
17  37  1.124478e+03
17  38  -4.669576e+02
17  39  -3.459484e+01
17  40  9.451524e+03
17  41  9.799572e+04
17  42  1.760664e+05
17  43  2.401023e+05
17  44  2.863519e+05
17  45  3.111623e+05
17  46  3.114630e+05
17  47  2.855390e+05
17  48  2.342210e+05
17  49  1.626788e+05
17  50  8.307167e+04
17  51  1.841671e+04
17  52  8.170566e+03
17  53  1.048618e+05
17  54  3.013008e+05
17  55  5.284689e+05
17  56  6.664614e+05
17  57  6.532254e+05
17  58  5.075593e+05
17  59  2.882420e+05
17  60  1.165293e+05
17  61  6.575698e+04
17  62  -8.873483e+03
17  63  -7.738671e+04
17  64  -2.155802e+04
17  65  2.825721e+04
17  66  6.061798e+03
17  67  3.360758e+04
17  68  1.656470e+04
17  69  1.819490e+03
17  70  5.849312e+03
17  71  1.096326e+03
17  72  4.541637e+02
17  73  -8.640524e+02
17  74  -3.345184e+03
17  75  -6.888568e+01
17  76  -2.181963e+02
17  77  9.989957e+02
17  78  5.815372e+02
17  79  1.995932e+02
18  0  5.228282e+04
18  1  -7.899186e+04
18  2  -1.436680e+05
18  3  -1.515343e+05
18  4  -1.127334e+05
18  5  -3.924486e+04
18  6  5.476300e+04
18  7  1.532152e+05
18  8  2.388414e+05
18  9  2.942872e+05
18  10  3.036672e+05
18  11  2.545306e+05
18  12  1.400111e+05
18  13  -2.055871e+04
18  14  -9.034845e+04
18  15  7.128348e+04
18  16  5.170441e+05
18  17  9.367717e+05
18  18  9.316864e+05
18  19  5.035818e+05
18  20  1.349516e+05
18  21  2.736056e+04
18  22  2.265842e+04
18  23  1.358547e+04
18  24  -1.751165e+03
18  25  1.488885e+04
18  26  9.552217e+03
18  27  1.202920e+04
18  28  1.097886e+04
18  29  6.321903e+03
18  30  4.462003e+03
18  31  6.096976e+03
18  32  6.970151e+03
18  33  4.600179e+03
18  34  3.277107e+03
18  35  1.517561e+03
18  36  8.266584e+02
18  37  1.203380e+03
18  38  -9.484230e+01
18  39  1.820934e+02
18  40  -2.737319e+04
18  41  8.576247e+04
18  42  1.876558e+05
18  43  2.739731e+05
18  44  3.399804e+05
18  45  3.807904e+05
18  46  3.918017e+05
18  47  3.694203e+05
18  48  3.121976e+05
18  49  2.225699e+05
18  50  1.094610e+05
18  51  -7.887762e+03
18  52  -9.434890e+04
18  53  -9.961504e+04
18  54  -1.136111e+04
18  55  1.470458e+05
18  56  3.249826e+05
18  57  4.613973e+05
18  58  4.778772e+05
18  59  3.327382e+05
18  60  1.645071e+05
18  61  9.030370e+04
18  62  -3.546191e+03
18  63  -7.391291e+04
18  64  -1.603138e+04
18  65  2.186859e+04
18  66  3.711747e+03
18  67  2.314711e+04
18  68  1.755546e+04
18  69  -1.960061e+03
18  70  7.214988e+03
18  71  -2.018768e+02
18  72  2.903459e+03
18  73  -1.042756e+03
18  74  -9.781763e+02
18  75  -4.669398e+02
18  76  5.979050e+02
18  77  9.013360e+02
18  78  1.186899e+02
18  79  -3.566848e+02
19  0  1.324863e+05
19  1  7.673482e+04
19  2  4.972628e+04
19  3  4.632066e+04
19  4  6.240405e+04
19  5  9.350204e+04
19  6  1.341967e+05
19  7  1.779624e+05
19  8  2.172748e+05
19  9  2.439871e+05
19  10  2.500379e+05
19  11  2.285378e+05
19  12  1.751520e+05
19  13  9.589062e+04
19  14  3.851462e+04
19  15  5.272287e+04
19  16  1.640774e+05
19  17  3.339088e+05
19  18  5.035818e+05
19  19  5.804787e+05
19  20  4.064078e+05
19  21  7.992576e+04
19  22  -7.658759e+03
19  23  2.683433e+04
19  24  8.054004e+03
19  25  1.702876e+04
19  26  1.155086e+04
19  27  1.134420e+04
19  28  1.128158e+04
19  29  7.318610e+03
19  30  6.220588e+03
19  31  5.080918e+03
19  32  7.043057e+03
19  33  3.835754e+03
19  34  3.715711e+03
19  35  2.264014e+03
19  36  1.245697e+03
19  37  1.521712e+03
19  38  5.178057e+02
19  39  3.061630e+02
19  40  2.277988e+05
19  41  2.236083e+05
19  42  2.164298e+05
19  43  2.057337e+05
19  44  1.910169e+05
19  45  1.718708e+05
19  46  1.480888e+05
19  47  1.198291e+05
19  48  8.785841e+04
19  49  5.390912e+04
19  50  2.119787e+04
19  51  -4.829616e+03
19  52  -1.543698e+04
19  53  1.029939e+03
19  54  4.735930e+04
19  55  1.174447e+05
19  56  1.974279e+05
19  57  2.695648e+05
19  58  3.097473e+05
19  59  2.949239e+05
19  60  2.278867e+05
19  61  1.247080e+05
19  62  1.650588e+04
19  63  -3.473406e+04
19  64  -3.333458e+03
19  65  1.401457e+04
19  66  3.063457e+03
19  67  1.245561e+04
19  68  1.345554e+04
19  69  9.129864e+02
19  70  9.711821e+03
19  71  2.301853e+03
19  72  2.942151e+03
19  73  1.061074e+03
19  74  1.493036e+03
19  75  -4.222401e+02
19  76  1.339523e+03
19  77  1.114169e+02
19  78  -4.679748e+02
19  79  -9.071752e+02
20  0  2.367565e+05
20  1  2.755956e+05
20  2  2.910296e+05
20  3  2.855307e+05
20  4  2.630401e+05
20  5  2.285407e+05
20  6  1.876805e+05
20  7  1.463962e+05
20  8  1.105247e+05
20  9  8.538907e+04
20  10  7.536816e+04
20  11  8.349033e+04
20  12  1.111389e+05
20  13  1.531996e+05
20  14  1.749649e+05
20  15  1.402513e+05
20  16  3.849027e+04
20  17  -1.220236e+04
20  18  1.349516e+05
20  19  4.064078e+05
20  20  4.453269e+05
20  21  2.083939e+05
20  22  4.412685e+04
20  23  1.218814e+04
20  24  1.690076e+04
20  25  1.330151e+04
20  26  1.211963e+04
20  27  9.472946e+03
20  28  8.612802e+03
20  29  6.030799e+03
20  30  6.343387e+03
20  31  4.633467e+03
20  32  5.634531e+03
20  33  3.262455e+03
20  34  3.271436e+03
20  35  2.244916e+03
20  36  1.489723e+03
20  37  1.518604e+03
20  38  8.767939e+02
20  39  5.226822e+02
20  40  3.393321e+05
20  41  2.673390e+05
20  42  1.965493e+05
20  43  1.285601e+05
20  44  6.527532e+04
20  45  8.898617e+03
20  46  -3.810828e+04
20  47  -7.312253e+04
20  48  -9.354208e+04
20  49  -9.709506e+04
20  50  -8.233721e+04
20  51  -4.942295e+04
20  52  -1.270971e+03
20  53  5.530385e+04
20  54  1.114857e+05
20  55  1.537554e+05
20  56  1.624625e+05
20  57  1.434403e+05
20  58  1.392248e+05
20  59  1.800741e+05
20  60  2.080799e+05
20  61  1.624300e+05
20  62  6.202033e+04
20  63  -9.340257e+03
20  64  3.230220e+03
20  65  4.254074e+03
20  66  4.355915e+03
20  67  7.214362e+03
20  68  8.679031e+03
20  69  4.425560e+03
20  70  7.904865e+03
20  71  4.691308e+03
20  72  2.666305e+03
20  73  1.887907e+03
20  74  1.732571e+03
20  75  1.407686e+02
20  76  1.475861e+03
20  77  -1.324636e+02
20  78  -2.452811e+02
20  79  -7.427339e+02
21  0  2.528133e+05
21  1  2.462813e+05
21  2  2.272441e+05
21  3  1.984382e+05
21  4  1.629546e+05
21  5  1.240043e+05
21  6  8.480483e+04
21  7  4.853307e+04
21  8  1.828804e+04
21  9  -2.999906e+03
21  10  -1.275826e+04
21  11  -9.061955e+03
21  12  9.032482e+03
21  13  3.921944e+04
21  14  6.607462e+04
21  15  7.296992e+04
21  16  5.197151e+04
21  17  2.647456e+04
21  18  2.736056e+04
21  19  7.992576e+04
21  20  2.083939e+05
21  21  3.098040e+05
21  22  1.578349e+05
21  23  2.034857e+03
21  24  1.465545e+04
21  25  6.034008e+03
21  26  8.959027e+03
21  27  6.811519e+03
21  28  4.140355e+03
21  29  3.436910e+03
21  30  4.045979e+03
21  31  4.426046e+03
21  32  3.494235e+03
21  33  2.919730e+03
21  34  2.063076e+03
21  35  1.506527e+03
21  36  1.416974e+03
21  37  1.133375e+03
21  38  8.177250e+02
21  39  7.162909e+02
21  40  1.394465e+05
21  41  1.103791e+05
21  42  7.977811e+04
21  43  4.792522e+04
21  44  1.526480e+04
21  45  -1.753761e+04
21  46  -4.951697e+04
21  47  -7.930438e+04
21  48  -1.049876e+05
21  49  -1.239250e+05
21  50  -1.324969e+05
21  51  -1.257727e+05
21  52  -9.706672e+04
21  53  -3.958577e+04
21  54  3.774547e+04
21  55  1.077712e+05
21  56  1.269998e+05
21  57  8.977919e+04
21  58  4.448488e+04
21  59  4.590961e+04
21  60  1.029220e+05
21  61  1.708864e+05
21  62  1.089816e+05
21  63  -1.342967e+03
21  64  2.742890e+03
21  65  -4.380107e+03
21  66  7.119091e+03
21  67  8.067607e+03
21  68  5.582865e+03
21  69  5.332053e+03
21  70  2.853003e+03
21  71  4.582504e+03
21  72  2.931898e+03
21  73  1.102325e+03
21  74  1.008260e+02
21  75  7.490247e+02
21  76  1.168070e+03
21  77  2.611936e+02
21  78  7.374977e+02
21  79  2.752625e+01
22  0  6.832454e+04
22  1  9.023274e+04
22  2  1.024828e+05
22  3  1.049513e+05
22  4  9.850440e+04
22  5  8.475731e+04
22  6  6.587058e+04
22  7  4.434843e+04
22  8  2.283919e+04
22  9  3.936225e+03
22  10  -1.002368e+04
22  11  -1.715637e+04
22  12  -1.619400e+04
22  13  -6.850478e+03
22  14  8.731076e+03
22  15  2.746636e+04
22  16  4.574642e+04
22  17  4.949852e+04
22  18  2.265842e+04
22  19  -7.658759e+03
22  20  4.412685e+04
22  21  1.578349e+05
22  22  1.842750e+05
22  23  9.429671e+04
22  24  3.017637e+02
22  25  6.548962e+03
22  26  7.396438e+03
22  27  6.355930e+03
22  28  3.192016e+03
22  29  4.247660e+03
22  30  3.110245e+03
22  31  2.559464e+03
22  32  2.338301e+03
22  33  2.140051e+03
22  34  1.681598e+03
22  35  7.393400e+02
22  36  8.350433e+02
22  37  9.982334e+02
22  38  6.566253e+02
22  39  4.722931e+02
22  40  -1.389617e+05
22  41  -1.224741e+05
22  42  -1.075916e+05
22  43  -9.488697e+04
22  44  -8.495533e+04
22  45  -7.836142e+04
22  46  -7.555227e+04
22  47  -7.671885e+04
22  48  -8.158397e+04
22  49  -8.908421e+04
22  50  -9.690096e+04
22  51  -1.007778e+05
22  52  -9.353701e+04
22  53  -6.584323e+04
22  54  -2.027929e+04
22  55  2.800296e+04
22  56  5.351337e+04
22  57  4.732380e+04
22  58  2.395054e+04
22  59  8.279712e+03
22  60  3.275581e+04
22  61  9.541768e+04
22  62  9.376140e+04
22  63  3.753754e+04
22  64  1.034251e+04
22  65  -4.594964e+03
22  66  8.809736e+03
22  67  9.292639e+03
22  68  4.497295e+03
22  69  3.771824e+03
22  70  2.728889e+03
22  71  2.592591e+03
22  72  2.825979e+03
22  73  2.187364e+03
22  74  1.395094e+02
22  75  5.206033e+02
22  76  1.320467e+03
22  77  2.256160e+01
22  78  1.181042e+03
22  79  1.978898e+02
23  0  8.926236e+03
23  1  5.005115e+04
23  2  8.093128e+04
23  3  9.992587e+04
23  4  1.067636e+05
23  5  1.024754e+05
23  6  8.920999e+04
23  7  6.994918e+04
23  8  4.816958e+04
23  9  2.748733e+04
23  10  1.130347e+04
23  11  2.464078e+03
23  12  2.963314e+03
23  13  1.260527e+04
23  14  2.344608e+04
23  15  2.662781e+04
23  16  1.766991e+04
23  17  8.138606e+03
23  18  1.358547e+04
23  19  2.683433e+04
23  20  1.218814e+04
23  21  2.034857e+03
23  22  9.429671e+04
23  23  1.337138e+05
23  24  4.691341e+04
23  25  3.872610e+03
23  26  9.466665e+03
23  27  5.748613e+03
23  28  3.871180e+03
23  29  4.772315e+03
23  30  3.682819e+03
23  31  1.680949e+03
23  32  2.162331e+03
23  33  1.583776e+03
23  34  1.674967e+03
23  35  7.336427e+02
23  36  6.612227e+02
23  37  9.364396e+02
23  38  6.660637e+02
23  39  1.946421e+02
23  40  -1.338035e+05
23  41  -1.321935e+05
23  42  -1.292371e+05
23  43  -1.246668e+05
23  44  -1.182088e+05
23  45  -1.096067e+05
23  46  -9.865744e+04
23  47  -8.526977e+04
23  48  -6.955124e+04
23  49  -5.193856e+04
23  50  -3.338849e+04
23  51  -1.565424e+04
23  52  -1.682102e+03
23  53  4.685463e+03
23  54  4.295279e+03
23  55  2.935242e+03
23  56  1.018047e+04
23  57  2.518016e+04
23  58  3.230571e+04
23  59  2.034986e+04
23  60  9.763610e+03
23  61  2.225494e+04
23  62  5.093652e+04
23  63  6.074896e+04
23  64  2.892240e+04
23  65  6.131315e+03
23  66  1.085681e+04
23  67  9.040813e+03
23  68  3.735243e+03
23  69  3.205113e+03
23  70  3.777425e+03
23  71  1.914630e+03
23  72  2.128770e+03
23  73  2.358477e+03
23  74  1.030307e+03
23  75  2.236960e+02
23  76  6.912896e+02
23  77  -2.769916e+01
23  78  5.853543e+02
23  79  1.700505e+02
24  0  7.860164e+04
24  1  8.482372e+04
24  2  8.813965e+04
24  3  8.818058e+04
24  4  8.473642e+04
24  5  7.792631e+04
24  6  6.825625e+04
24  7  5.660923e+04
24  8  4.419265e+04
24  9  3.245063e+04
24  10  2.293284e+04
