7.997847000000000000e+06 5.479780000000000000e+06 1.000000000000000020e+30 8.533599000000000233e+05 1.576966000000000000e+06 1.000000000000000020e+30 9.392144000000000233e+04 2.215921000000000058e+05 1.000000000000000020e+30 1.425557000000000116e+05 1.421072999999999884e+05 1.000000000000000020e+30 -8.144672999999999774e+03 1.240303000000000029e+05 1.000000000000000020e+30 -3.050833999999999833e+02 8.213767000000000280e+02 1.000000000000000020e+30 1.552651000000000022e+04 5.368088999999999942e+04 1.000000000000000020e+30 3.022545000000000073e+04 -1.850811999999999898e+03 1.000000000000000020e+30 2.344025000000000000e+04 -6.067720999999999549e+03 1.000000000000000020e+30 2.299563999999999942e+04 1.025775000000000000e+04 1.000000000000000020e+30 8.289980999999999767e+03 4.545583999999999651e+04 1.000000000000000020e+30 5.478960000000000036e+03 -1.753715000000000146e+04 1.000000000000000020e+30 6.470858000000000175e+03 5.662649000000000342e+03 1.000000000000000020e+30 1.082736000000000058e+04 1.426404999999999927e+04 1.000000000000000020e+30 1.255381999999999971e+04 2.372495000000000073e+04 1.000000000000000020e+30 2.193943999999999960e+03 9.432263000000000829e+03 1.000000000000000020e+30 1.217470999999999913e+04 -2.534083999999999833e+03 1.000000000000000020e+30 1.246962999999999965e+03 3.773670000000000073e+03 1.000000000000000020e+30
5.479780000000000000e+06 4.552147000000000000e+07 1.000000000000000020e+30 1.057902000000000000e+06 6.062373000000000000e+06 1.000000000000000020e+30 -1.018256999999999971e+05 6.358665999999999767e+05 1.000000000000000020e+30 2.113172000000000116e+04 6.892110000000000000e+05 1.000000000000000020e+30 -1.074518999999999942e+05 5.203650000000000000e+05 1.000000000000000020e+30 -2.724227000000000044e+04 2.955894000000000233e+05 1.000000000000000020e+30 4.775930999999999767e+04 8.744961000000000058e+04 1.000000000000000020e+30 2.137947000000000116e+04 1.641523999999999942e+05 1.000000000000000020e+30 4.052687999999999738e+04 1.950547999999999884e+05 1.000000000000000020e+30 -2.876280999999999949e+03 5.687701000000000204e+04 1.000000000000000020e+30 -7.317105000000000246e+02 1.365916000000000058e+05 1.000000000000000020e+30 -4.406136000000000058e+04 3.451125000000000000e+04 1.000000000000000020e+30 -1.070712999999999920e+04 3.677273999999999796e+04 1.000000000000000020e+30 7.052564000000000306e+03 4.207065999999999804e+03 1.000000000000000020e+30 -1.396156999999999971e+04 2.744270000000000073e+04 1.000000000000000020e+30 -1.334255999999999949e+04 6.029672000000000116e+04 1.000000000000000020e+30 9.988775999999999840e+03 2.483140999999999985e+04 1.000000000000000020e+30 -8.545060999999999694e+03 4.326522000000000116e+04 1.000000000000000020e+30
1.000000000000000020e+30 1.000000000000000020e+30 1.000000000000000020e+30 1.000000000000000020e+30 1.000000000000000020e+30 1.000000000000000020e+30 1.000000000000000020e+30 1.000000000000000020e+30 1.000000000000000020e+30 1.000000000000000020e+30 1.000000000000000020e+30 1.000000000000000020e+30 1.000000000000000020e+30 1.000000000000000020e+30 1.000000000000000020e+30 1.000000000000000020e+30 1.000000000000000020e+30 1.000000000000000020e+30 1.000000000000000020e+30 1.000000000000000020e+30 1.000000000000000020e+30 1.000000000000000020e+30 1.000000000000000020e+30 1.000000000000000020e+30 1.000000000000000020e+30 1.000000000000000020e+30 1.000000000000000020e+30 1.000000000000000020e+30 1.000000000000000020e+30 1.000000000000000020e+30 1.000000000000000020e+30 1.000000000000000020e+30 1.000000000000000020e+30 1.000000000000000020e+30 1.000000000000000020e+30 1.000000000000000020e+30 1.000000000000000020e+30 1.000000000000000020e+30 1.000000000000000020e+30 1.000000000000000020e+30 1.000000000000000020e+30 1.000000000000000020e+30 1.000000000000000020e+30 1.000000000000000020e+30 1.000000000000000020e+30 1.000000000000000020e+30 1.000000000000000020e+30 1.000000000000000020e+30 1.000000000000000020e+30 1.000000000000000020e+30 1.000000000000000020e+30 1.000000000000000020e+30 1.000000000000000020e+30 1.000000000000000020e+30
8.533599000000000233e+05 1.057902000000000000e+06 1.000000000000000020e+30 2.574714000000000000e+06 1.622565000000000000e+06 1.000000000000000020e+30 2.987940000000000000e+05 3.892019000000000233e+05 1.000000000000000020e+30 1.103068999999999942e+05 1.247353999999999942e+05 1.000000000000000020e+30 5.290681999999999971e+04 3.725462999999999738e+04 1.000000000000000020e+30 2.654574000000000160e+04 -7.307761000000000422e+03 1.000000000000000020e+30 1.846013000000000102e+04 -7.617006000000000313e+03 1.000000000000000020e+30 1.534448999999999978e+04 3.145190000000000146e+04 1.000000000000000020e+30 3.032997000000000116e+04 9.005712999999999738e+03 1.000000000000000020e+30 1.941650999999999840e+04 4.228218000000000029e+04 1.000000000000000020e+30 6.379501000000000204e+03 1.129640999999999985e+04 1.000000000000000020e+30 1.089871999999999935e+04 1.790327999999999884e+04 1.000000000000000020e+30 6.165056999999999789e+03 1.270645999999999913e+04 1.000000000000000020e+30 1.362389999999999964e+04 9.208012000000000626e+03 1.000000000000000020e+30 5.184301000000000386e+03 9.102986999999999171e+03 1.000000000000000020e+30 4.807461000000000240e+03 9.324718000000000757e+03 1.000000000000000020e+30 3.218592000000000098e+03 5.452864999999999782e+03 1.000000000000000020e+30 1.585289999999999964e+03 -6.027501000000000204e+03 1.000000000000000020e+30
1.576966000000000000e+06 6.062373000000000000e+06 1.000000000000000020e+30 1.622565000000000000e+06 1.441736000000000000e+07 1.000000000000000020e+30 2.647717999999999884e+05 1.969134000000000000e+06 1.000000000000000020e+30 1.603532000000000116e+05 1.682855000000000000e+05 1.000000000000000020e+30 9.733044999999999709e+04 2.409112000000000116e+05 1.000000000000000020e+30 4.176820999999999913e+03 9.702213999999999942e+04 1.000000000000000020e+30 1.912627999999999884e+04 1.318301000000000022e+04 1.000000000000000020e+30 1.608332999999999993e+04 1.464516000000000058e+05 1.000000000000000020e+30 4.471270999999999913e+04 1.503963999999999942e+05 1.000000000000000020e+30 7.071274999999999636e+03 1.188731999999999971e+05 1.000000000000000020e+30 8.317390999999999622e+03 5.260188999999999942e+04 1.000000000000000020e+30 -7.694953999999999724e+03 1.139473999999999942e+05 1.000000000000000020e+30 -9.988176999999999680e+03 3.334747000000000116e+04 1.000000000000000020e+30 -5.187345999999999549e+03 1.683566999999999825e+04 1.000000000000000020e+30 1.528118999999999915e+03 6.128643000000000029e+04 1.000000000000000020e+30 -1.207412999999999920e+04 5.183094000000000233e+04 1.000000000000000020e+30 -4.472180999999999585e+03 2.708979000000000087e+04 1.000000000000000020e+30 -2.479989000000000033e+03 3.297866999999999825e+04 1.000000000000000020e+30
1.000000000000000020e+30 1.000000000000000020e+30 1.000000000000000020e+30 1.000000000000000020e+30 1.000000000000000020e+30 1.000000000000000020e+30 1.000000000000000020e+30 1.000000000000000020e+30 1.000000000000000020e+30 1.000000000000000020e+30 1.000000000000000020e+30 1.000000000000000020e+30 1.000000000000000020e+30 1.000000000000000020e+30 1.000000000000000020e+30 1.000000000000000020e+30 1.000000000000000020e+30 1.000000000000000020e+30 1.000000000000000020e+30 1.000000000000000020e+30 1.000000000000000020e+30 1.000000000000000020e+30 1.000000000000000020e+30 1.000000000000000020e+30 1.000000000000000020e+30 1.000000000000000020e+30 1.000000000000000020e+30 1.000000000000000020e+30 1.000000000000000020e+30 1.000000000000000020e+30 1.000000000000000020e+30 1.000000000000000020e+30 1.000000000000000020e+30 1.000000000000000020e+30 1.000000000000000020e+30 1.000000000000000020e+30 1.000000000000000020e+30 1.000000000000000020e+30 1.000000000000000020e+30 1.000000000000000020e+30 1.000000000000000020e+30 1.000000000000000020e+30 1.000000000000000020e+30 1.000000000000000020e+30 1.000000000000000020e+30 1.000000000000000020e+30 1.000000000000000020e+30 1.000000000000000020e+30 1.000000000000000020e+30 1.000000000000000020e+30 1.000000000000000020e+30 1.000000000000000020e+30 1.000000000000000020e+30 1.000000000000000020e+30
9.392144000000000233e+04 -1.018256999999999971e+05 1.000000000000000020e+30 2.987940000000000000e+05 2.647717999999999884e+05 1.000000000000000020e+30 1.061896000000000000e+06 5.209329000000000233e+05 1.000000000000000020e+30 1.481073999999999942e+05 1.883462000000000116e+05 1.000000000000000020e+30 3.049861000000000058e+04 6.403495999999999913e+04 1.000000000000000020e+30 1.824563999999999942e+04 -7.455344999999999709e+04 1.000000000000000020e+30 -3.377063999999999851e+03 -2.268797000000000116e+04 1.000000000000000020e+30 1.441329999999999927e+04 2.355761999999999898e+04 1.000000000000000020e+30 9.747763000000000829e+03 4.051699000000000069e+03 1.000000000000000020e+30 1.198070000000000073e+04 2.400695999999999913e+04 1.000000000000000020e+30 1.184837999999999920e+04 2.367586999999999898e+04 1.000000000000000020e+30 8.387554000000000087e+03 6.630154000000000451e+03 1.000000000000000020e+30 5.496440999999999804e+03 -2.124605000000000018e+03 1.000000000000000020e+30 4.491445999999999913e+03 5.868354999999999563e+03 1.000000000000000020e+30 4.825652000000000044e+03 3.899753999999999905e+03 1.000000000000000020e+30 6.214743999999999687e+03 -3.828507000000000176e+02 1.000000000000000020e+30 3.235429000000000087e+03 9.269729999999999563e+02 1.000000000000000020e+30 6.697140999999999622e+03 2.954601000000000113e+03 1.000000000000000020e+30
2.215921000000000058e+05 6.358665999999999767e+05 1.000000000000000020e+30 3.892019000000000233e+05 1.969134000000000000e+06 1.000000000000000020e+30 5.209329000000000233e+05 5.589853000000000000e+06 1.000000000000000020e+30 1.764070000000000000e+05 7.423544000000000233e+05 1.000000000000000020e+30 3.967269000000000233e+04 3.318720000000000000e+05 1.000000000000000020e+30 3.159145000000000073e+04 1.283251999999999971e+05 1.000000000000000020e+30 2.452041999999999825e+04 2.084827999999999884e+04 1.000000000000000020e+30 -4.096433000000000106e+02 6.822988000000000466e+04 1.000000000000000020e+30 2.158786999999999807e+03 8.880711000000000058e+04 1.000000000000000020e+30 1.269240000000000009e+03 8.156599000000000524e+04 1.000000000000000020e+30 -3.854175999999999931e+03 4.988305000000000291e+04 1.000000000000000020e+30 2.461456999999999880e+03 7.122771000000000640e+04 1.000000000000000020e+30 -5.921051999999999680e+03 3.368679000000000087e+04 1.000000000000000020e+30 3.913221000000000004e+03 1.609146999999999935e+04 1.000000000000000020e+30 -1.707281999999999925e+03 2.662888000000000102e+04 1.000000000000000020e+30 2.614494000000000142e+03 3.278858000000000175e+04 1.000000000000000020e+30 -1.224145999999999958e+03 3.398461000000000058e+04 1.000000000000000020e+30 -4.408980999999999767e+03 2.140358000000000175e+04 1.000000000000000020e+30
1.000000000000000020e+30 1.000000000000000020e+30 1.000000000000000020e+30 1.000000000000000020e+30 1.000000000000000020e+30 1.000000000000000020e+30 1.000000000000000020e+30 1.000000000000000020e+30 1.000000000000000020e+30 1.000000000000000020e+30 1.000000000000000020e+30 1.000000000000000020e+30 1.000000000000000020e+30 1.000000000000000020e+30 1.000000000000000020e+30 1.000000000000000020e+30 1.000000000000000020e+30 1.000000000000000020e+30 1.000000000000000020e+30 1.000000000000000020e+30 1.000000000000000020e+30 1.000000000000000020e+30 1.000000000000000020e+30 1.000000000000000020e+30 1.000000000000000020e+30 1.000000000000000020e+30 1.000000000000000020e+30 1.000000000000000020e+30 1.000000000000000020e+30 1.000000000000000020e+30 1.000000000000000020e+30 1.000000000000000020e+30 1.000000000000000020e+30 1.000000000000000020e+30 1.000000000000000020e+30 1.000000000000000020e+30 1.000000000000000020e+30 1.000000000000000020e+30 1.000000000000000020e+30 1.000000000000000020e+30 1.000000000000000020e+30 1.000000000000000020e+30 1.000000000000000020e+30 1.000000000000000020e+30 1.000000000000000020e+30 1.000000000000000020e+30 1.000000000000000020e+30 1.000000000000000020e+30 1.000000000000000020e+30 1.000000000000000020e+30 1.000000000000000020e+30 1.000000000000000020e+30 1.000000000000000020e+30 1.000000000000000020e+30
1.425557000000000116e+05 2.113172000000000116e+04 1.000000000000000020e+30 1.103068999999999942e+05 1.603532000000000116e+05 1.000000000000000020e+30 1.481073999999999942e+05 1.764070000000000000e+05 1.000000000000000020e+30 5.277470999999999767e+05 2.340117000000000116e+05 1.000000000000000020e+30 8.147235000000000582e+04 1.162748999999999942e+05 1.000000000000000020e+30 1.978406000000000131e+04 -6.141856999999999971e+03 1.000000000000000020e+30 1.520178000000000065e+04 1.501383000000000038e+03 1.000000000000000020e+30 1.524768000000000029e+04 7.174465000000000146e+03 1.000000000000000020e+30 1.245604999999999927e+04 3.718559999999999945e+03 1.000000000000000020e+30 1.038547999999999956e+04 7.800128999999999905e+03 1.000000000000000020e+30 9.664572000000000116e+03 7.830082000000000335e+03 1.000000000000000020e+30 9.277468999999999141e+03 1.180954000000000087e+04 1.000000000000000020e+30 6.287649999999999636e+03 1.477394000000000005e+03 1.000000000000000020e+30 6.855878999999999905e+03 6.733373999999999796e+03 1.000000000000000020e+30 5.505234000000000378e+03 1.128162999999999920e+04 1.000000000000000020e+30 4.682068000000000211e+03 4.071833000000000084e+03 1.000000000000000020e+30 6.612813000000000102e+03 3.029059000000000196e+03 1.000000000000000020e+30 5.992787000000000262e+03 2.734599000000000160e+03 1.000000000000000020e+30
1.421072999999999884e+05 6.892110000000000000e+05 1.000000000000000020e+30 1.247353999999999942e+05 1.682855000000000000e+05 1.000000000000000020e+30 1.883462000000000116e+05 7.423544000000000233e+05 1.000000000000000020e+30 2.340117000000000116e+05 2.884098000000000000e+06 1.000000000000000020e+30 4.881798000000000320e+04 4.383192999999999884e+05 1.000000000000000020e+30 1.301854000000000087e+04 3.827576999999999680e+04 1.000000000000000020e+30 2.298378999999999905e+03 -1.438363999999999942e+04 1.000000000000000020e+30 9.173426999999999680e+03 5.944831999999999971e+04 1.000000000000000020e+30 2.516686000000000058e+04 5.534730999999999767e+04 1.000000000000000020e+30 4.137963999999999942e+03 3.851518000000000029e+04 1.000000000000000020e+30 8.972522000000000844e+03 3.471805000000000291e+04 1.000000000000000020e+30 3.844561000000000149e+03 2.714768000000000029e+04 1.000000000000000020e+30 6.268060000000000400e+03 3.874808000000000175e+04 1.000000000000000020e+30 6.462913999999999533e+02 1.818802000000000044e+04 1.000000000000000020e+30 -3.307789999999999964e+02 1.744477000000000044e+04 1.000000000000000020e+30 1.274090999999999894e+03 2.863300999999999840e+04 1.000000000000000020e+30 4.459145999999999731e+03 2.477020000000000073e+04 1.000000000000000020e+30 -2.702946999999999775e+02 1.488118000000000029e+04 1.000000000000000020e+30
1.000000000000000020e+30 1.000000000000000020e+30 1.000000000000000020e+30 1.000000000000000020e+30 1.000000000000000020e+30 1.000000000000000020e+30 1.000000000000000020e+30 1.000000000000000020e+30 1.000000000000000020e+30 1.000000000000000020e+30 1.000000000000000020e+30 1.000000000000000020e+30 1.000000000000000020e+30 1.000000000000000020e+30 1.000000000000000020e+30 1.000000000000000020e+30 1.000000000000000020e+30 1.000000000000000020e+30 1.000000000000000020e+30 1.000000000000000020e+30 1.000000000000000020e+30 1.000000000000000020e+30 1.000000000000000020e+30 1.000000000000000020e+30 1.000000000000000020e+30 1.000000000000000020e+30 1.000000000000000020e+30 1.000000000000000020e+30 1.000000000000000020e+30 1.000000000000000020e+30 1.000000000000000020e+30 1.000000000000000020e+30 1.000000000000000020e+30 1.000000000000000020e+30 1.000000000000000020e+30 1.000000000000000020e+30 1.000000000000000020e+30 1.000000000000000020e+30 1.000000000000000020e+30 1.000000000000000020e+30 1.000000000000000020e+30 1.000000000000000020e+30 1.000000000000000020e+30 1.000000000000000020e+30 1.000000000000000020e+30 1.000000000000000020e+30 1.000000000000000020e+30 1.000000000000000020e+30 1.000000000000000020e+30 1.000000000000000020e+30 1.000000000000000020e+30 1.000000000000000020e+30 1.000000000000000020e+30 1.000000000000000020e+30
-8.144672999999999774e+03 -1.074518999999999942e+05 1.000000000000000020e+30 5.290681999999999971e+04 9.733044999999999709e+04 1.000000000000000020e+30 3.049861000000000058e+04 3.967269000000000233e+04 1.000000000000000020e+30 8.147235000000000582e+04 4.881798000000000320e+04 1.000000000000000020e+30 2.894862999999999884e+05 1.623327999999999884e+05 1.000000000000000020e+30 4.608611000000000058e+04 2.573988999999999942e+04 1.000000000000000020e+30 9.868784999999999854e+03 3.624880000000000109e+03 1.000000000000000020e+30 5.140855999999999767e+03 -5.724796999999999571e+03 1.000000000000000020e+30 8.057591999999999643e+03 7.994113000000000284e+03 1.000000000000000020e+30 6.676591999999999643e+03 9.550587999999999738e+03 1.000000000000000020e+30 4.094134000000000015e+03 3.310653999999999996e+03 1.000000000000000020e+30 2.700836999999999989e+03 8.816702999999999520e+03 1.000000000000000020e+30 3.430925999999999931e+03 3.341646999999999935e+03 1.000000000000000020e+30 3.491447000000000116e+03 2.136909999999999854e+03 1.000000000000000020e+30 3.614204000000000178e+03 2.265811999999999898e+03 1.000000000000000020e+30 4.003072999999999865e+03 4.010541999999999916e+03 1.000000000000000020e+30 3.271070999999999913e+03 3.932354000000000269e+02 1.000000000000000020e+30 3.030643000000000029e+03 3.389463999999999942e+03 1.000000000000000020e+30
1.240303000000000029e+05 5.203650000000000000e+05 1.000000000000000020e+30 3.725462999999999738e+04 2.409112000000000116e+05 1.000000000000000020e+30 6.403495999999999913e+04 3.318720000000000000e+05 1.000000000000000020e+30 1.162748999999999942e+05 4.383192999999999884e+05 1.000000000000000020e+30 1.623327999999999884e+05 1.652968000000000000e+06 1.000000000000000020e+30 4.395762999999999738e+04 3.119249000000000233e+05 1.000000000000000020e+30 1.452396999999999935e+04 3.855794000000000233e+04 1.000000000000000020e+30 3.376329999999999927e+03 2.682497000000000116e+04 1.000000000000000020e+30 1.352562999999999920e+04 4.956161000000000058e+04 1.000000000000000020e+30 4.435150999999999840e+03 2.397863000000000102e+04 1.000000000000000020e+30 5.953954999999999927e+03 2.324404999999999927e+04 1.000000000000000020e+30 -1.074307000000000016e+03 3.100595999999999913e+04 1.000000000000000020e+30 6.327430000000000518e+02 2.142631000000000131e+04 1.000000000000000020e+30 7.584728999999999814e+02 1.975743999999999869e+04 1.000000000000000020e+30 2.205202999999999975e+03 1.468302000000000044e+04 1.000000000000000020e+30 7.847571000000000652e+01 1.290610000000000036e+04 1.000000000000000020e+30 1.936071999999999889e+03 1.434194000000000051e+04 1.000000000000000020e+30 1.420107999999999947e+03 1.312860000000000036e+04 1.000000000000000020e+30
1.000000000000000020e+30 1.000000000000000020e+30 1.000000000000000020e+30 1.000000000000000020e+30 1.000000000000000020e+30 1.000000000000000020e+30 1.000000000000000020e+30 1.000000000000000020e+30 1.000000000000000020e+30 1.000000000000000020e+30 1.000000000000000020e+30 1.000000000000000020e+30 1.000000000000000020e+30 1.000000000000000020e+30 1.000000000000000020e+30 1.000000000000000020e+30 1.000000000000000020e+30 1.000000000000000020e+30 1.000000000000000020e+30 1.000000000000000020e+30 1.000000000000000020e+30 1.000000000000000020e+30 1.000000000000000020e+30 1.000000000000000020e+30 1.000000000000000020e+30 1.000000000000000020e+30 1.000000000000000020e+30 1.000000000000000020e+30 1.000000000000000020e+30 1.000000000000000020e+30 1.000000000000000020e+30 1.000000000000000020e+30 1.000000000000000020e+30 1.000000000000000020e+30 1.000000000000000020e+30 1.000000000000000020e+30 1.000000000000000020e+30 1.000000000000000020e+30 1.000000000000000020e+30 1.000000000000000020e+30 1.000000000000000020e+30 1.000000000000000020e+30 1.000000000000000020e+30 1.000000000000000020e+30 1.000000000000000020e+30 1.000000000000000020e+30 1.000000000000000020e+30 1.000000000000000020e+30 1.000000000000000020e+30 1.000000000000000020e+30 1.000000000000000020e+30 1.000000000000000020e+30 1.000000000000000020e+30 1.000000000000000020e+30
-3.050833999999999833e+02 -2.724227000000000044e+04 1.000000000000000020e+30 2.654574000000000160e+04 4.176820999999999913e+03 1.000000000000000020e+30 1.824563999999999942e+04 3.159145000000000073e+04 1.000000000000000020e+30 1.978406000000000131e+04 1.301854000000000087e+04 1.000000000000000020e+30 4.608611000000000058e+04 4.395762999999999738e+04 1.000000000000000020e+30 1.634248999999999942e+05 6.589816999999999825e+04 1.000000000000000020e+30 2.736254000000000087e+04 2.508250999999999840e+04 1.000000000000000020e+30 6.043895999999999731e+03 2.050465999999999894e+03 1.000000000000000020e+30 8.600156999999999243e+03 1.021557999999999993e+04 1.000000000000000020e+30 6.619942000000000007e+03 9.927953999999999724e+03 1.000000000000000020e+30 3.634722000000000207e+03 4.458283999999999651e+03 1.000000000000000020e+30 4.874331000000000131e+03 4.219134000000000015e+03 1.000000000000000020e+30 4.809152000000000044e+03 3.001054999999999836e+03 1.000000000000000020e+30 3.495697000000000116e+03 4.674306999999999789e+03 1.000000000000000020e+30 3.214215000000000146e+03 9.278337000000000216e+02 1.000000000000000020e+30 1.586275000000000091e+03 1.776124000000000024e+03 1.000000000000000020e+30 2.552081000000000131e+03 6.515804000000000542e+02 1.000000000000000020e+30 2.250036999999999807e+03 2.477688999999999851e+03 1.000000000000000020e+30
8.213767000000000280e+02 2.955894000000000233e+05 1.000000000000000020e+30 -7.307761000000000422e+03 9.702213999999999942e+04 1.000000000000000020e+30 -7.455344999999999709e+04 1.283251999999999971e+05 1.000000000000000020e+30 -6.141856999999999971e+03 3.827576999999999680e+04 1.000000000000000020e+30 2.573988999999999942e+04 3.119249000000000233e+05 1.000000000000000020e+30 6.589816999999999825e+04 9.630045999999999767e+05 1.000000000000000020e+30 3.232454000000000087e+04 1.729117999999999884e+05 1.000000000000000020e+30 4.456636999999999716e+03 3.911661000000000058e+04 1.000000000000000020e+30 9.613324000000000524e+03 5.129923999999999796e+04 1.000000000000000020e+30 5.182288999999999760e+03 1.779915999999999985e+04 1.000000000000000020e+30 7.550425000000000182e+02 2.341450999999999840e+04 1.000000000000000020e+30 1.803142000000000053e+03 2.342161999999999898e+04 1.000000000000000020e+30 1.222106999999999971e+03 1.667379999999999927e+04 1.000000000000000020e+30 1.201017000000000053e+03 1.978459999999999854e+04 1.000000000000000020e+30 1.987027000000000044e+03 1.169852000000000044e+04 1.000000000000000020e+30 1.000690000000000055e+03 5.864524000000000342e+03 1.000000000000000020e+30 -2.559249000000000080e+02 1.454013999999999942e+04 1.000000000000000020e+30 -9.769796999999999798e+02 1.359455999999999949e+04 1.000000000000000020e+30
1.000000000000000020e+30 1.000000000000000020e+30 1.000000000000000020e+30 1.000000000000000020e+30 1.000000000000000020e+30 1.000000000000000020e+30 1.000000000000000020e+30 1.000000000000000020e+30 1.000000000000000020e+30 1.000000000000000020e+30 1.000000000000000020e+30 1.000000000000000020e+30 1.000000000000000020e+30 1.000000000000000020e+30 1.000000000000000020e+30 1.000000000000000020e+30 1.000000000000000020e+30 1.000000000000000020e+30 1.000000000000000020e+30 1.000000000000000020e+30 1.000000000000000020e+30 1.000000000000000020e+30 1.000000000000000020e+30 1.000000000000000020e+30 1.000000000000000020e+30 1.000000000000000020e+30 1.000000000000000020e+30 1.000000000000000020e+30 1.000000000000000020e+30 1.000000000000000020e+30 1.000000000000000020e+30 1.000000000000000020e+30 1.000000000000000020e+30 1.000000000000000020e+30 1.000000000000000020e+30 1.000000000000000020e+30 1.000000000000000020e+30 1.000000000000000020e+30 1.000000000000000020e+30 1.000000000000000020e+30 1.000000000000000020e+30 1.000000000000000020e+30 1.000000000000000020e+30 1.000000000000000020e+30 1.000000000000000020e+30 1.000000000000000020e+30 1.000000000000000020e+30 1.000000000000000020e+30 1.000000000000000020e+30 1.000000000000000020e+30 1.000000000000000020e+30 1.000000000000000020e+30 1.000000000000000020e+30 1.000000000000000020e+30
1.552651000000000022e+04 4.775930999999999767e+04 1.000000000000000020e+30 1.846013000000000102e+04 1.912627999999999884e+04 1.000000000000000020e+30 -3.377063999999999851e+03 2.452041999999999825e+04 1.000000000000000020e+30 1.520178000000000065e+04 2.298378999999999905e+03 1.000000000000000020e+30 9.868784999999999854e+03 1.452396999999999935e+04 1.000000000000000020e+30 2.736254000000000087e+04 3.232454000000000087e+04 1.000000000000000020e+30 1.007205000000000000e+05 3.980506999999999971e+04 1.000000000000000020e+30 1.698140000000000146e+04 1.712550000000000000e+04 1.000000000000000020e+30 8.618657999999999447e+03 1.032629000000000087e+04 1.000000000000000020e+30 5.768667000000000371e+03 6.009975999999999658e+03 1.000000000000000020e+30 3.227554000000000087e+03 3.962969000000000051e+03 1.000000000000000020e+30 3.274266999999999825e+03 3.292208999999999833e+03 1.000000000000000020e+30 2.971929999999999836e+03 2.913353000000000065e+03 1.000000000000000020e+30 3.767637000000000171e+03 3.320304999999999836e+03 1.000000000000000020e+30 2.696353000000000065e+03 7.688916000000000395e+02 1.000000000000000020e+30 2.285956000000000131e+03 2.547858000000000175e+03 1.000000000000000020e+30 2.823353000000000065e+03 3.151094000000000051e+03 1.000000000000000020e+30 1.867008000000000038e+03 1.131487000000000080e+03 1.000000000000000020e+30
5.368088999999999942e+04 8.744961000000000058e+04 1.000000000000000020e+30 -7.617006000000000313e+03 1.318301000000000022e+04 1.000000000000000020e+30 -2.268797000000000116e+04 2.084827999999999884e+04 1.000000000000000020e+30 1.501383000000000038e+03 -1.438363999999999942e+04 1.000000000000000020e+30 3.624880000000000109e+03 3.855794000000000233e+04 1.000000000000000020e+30 2.508250999999999840e+04 1.729117999999999884e+05 1.000000000000000020e+30 3.980506999999999971e+04 5.576231999999999534e+05 1.000000000000000020e+30 2.058747999999999956e+04 1.089091999999999971e+05 1.000000000000000020e+30 6.936378999999999905e+03 3.238861000000000058e+04 1.000000000000000020e+30 1.143415999999999940e+03 1.421762000000000080e+04 1.000000000000000020e+30 -4.031123000000000047e+03 1.838081000000000131e+04 1.000000000000000020e+30 -1.847784000000000049e+02 2.073520000000000073e+04 1.000000000000000020e+30 1.793210000000000036e+03 1.515695000000000073e+04 1.000000000000000020e+30 3.458487999999999829e+03 1.862345000000000073e+04 1.000000000000000020e+30 -9.662913999999999533e+02 7.426671999999999571e+03 1.000000000000000020e+30 -2.703077000000000112e+02 9.422522999999999229e+03 1.000000000000000020e+30 3.735240999999999758e+02 1.186232999999999993e+04 1.000000000000000020e+30 -2.642304999999999836e+03 9.856457000000000335e+03 1.000000000000000020e+30
1.000000000000000020e+30 1.000000000000000020e+30 1.000000000000000020e+30 1.000000000000000020e+30 1.000000000000000020e+30 1.000000000000000020e+30 1.000000000000000020e+30 1.000000000000000020e+30 1.000000000000000020e+30 1.000000000000000020e+30 1.000000000000000020e+30 1.000000000000000020e+30 1.000000000000000020e+30 1.000000000000000020e+30 1.000000000000000020e+30 1.000000000000000020e+30 1.000000000000000020e+30 1.000000000000000020e+30 1.000000000000000020e+30 1.000000000000000020e+30 1.000000000000000020e+30 1.000000000000000020e+30 1.000000000000000020e+30 1.000000000000000020e+30 1.000000000000000020e+30 1.000000000000000020e+30 1.000000000000000020e+30 1.000000000000000020e+30 1.000000000000000020e+30 1.000000000000000020e+30 1.000000000000000020e+30 1.000000000000000020e+30 1.000000000000000020e+30 1.000000000000000020e+30 1.000000000000000020e+30 1.000000000000000020e+30 1.000000000000000020e+30 1.000000000000000020e+30 1.000000000000000020e+30 1.000000000000000020e+30 1.000000000000000020e+30 1.000000000000000020e+30 1.000000000000000020e+30 1.000000000000000020e+30 1.000000000000000020e+30 1.000000000000000020e+30 1.000000000000000020e+30 1.000000000000000020e+30 1.000000000000000020e+30 1.000000000000000020e+30 1.000000000000000020e+30 1.000000000000000020e+30 1.000000000000000020e+30 1.000000000000000020e+30
3.022545000000000073e+04 2.137947000000000116e+04 1.000000000000000020e+30 1.534448999999999978e+04 1.608332999999999993e+04 1.000000000000000020e+30 1.441329999999999927e+04 -4.096433000000000106e+02 1.000000000000000020e+30 1.524768000000000029e+04 9.173426999999999680e+03 1.000000000000000020e+30 5.140855999999999767e+03 3.376329999999999927e+03 1.000000000000000020e+30 6.043895999999999731e+03 4.456636999999999716e+03 1.000000000000000020e+30 1.698140000000000146e+04 2.058747999999999956e+04 1.000000000000000020e+30 6.237912000000000262e+04 1.763438999999999942e+04 1.000000000000000020e+30 1.297014999999999964e+04 8.116216000000000349e+03 1.000000000000000020e+30 5.293578000000000429e+03 -2.393689999999999998e+02 1.000000000000000020e+30 3.054117999999999938e+03 4.266970999999999549e+03 1.000000000000000020e+30 2.864634000000000015e+03 1.121702999999999975e+03 1.000000000000000020e+30 2.369898999999999887e+03 -7.344971000000000458e+02 1.000000000000000020e+30 2.296248999999999796e+03 2.515097000000000207e+03 1.000000000000000020e+30 1.516951000000000022e+03 3.729936999999999898e+02 1.000000000000000020e+30 1.556126999999999953e+03 1.022952999999999975e+03 1.000000000000000020e+30 1.205386999999999944e+03 1.770405999999999949e+03 1.000000000000000020e+30 1.160278999999999996e+03 9.403596000000000004e+02 1.000000000000000020e+30
-1.850811999999999898e+03 1.641523999999999942e+05 1.000000000000000020e+30 3.145190000000000146e+04 1.464516000000000058e+05 1.000000000000000020e+30 2.355761999999999898e+04 6.822988000000000466e+04 1.000000000000000020e+30 7.174465000000000146e+03 5.944831999999999971e+04 1.000000000000000020e+30 -5.724796999999999571e+03 2.682497000000000116e+04 1.000000000000000020e+30 2.050465999999999894e+03 3.911661000000000058e+04 1.000000000000000020e+30 1.712550000000000000e+04 1.089091999999999971e+05 1.000000000000000020e+30 1.763438999999999942e+04 3.329440999999999767e+05 1.000000000000000020e+30 1.183712999999999920e+04 5.821222000000000116e+04 1.000000000000000020e+30 2.969222000000000207e+03 1.722668000000000029e+04 1.000000000000000020e+30 -1.381250999999999976e+03 1.607622999999999956e+04 1.000000000000000020e+30 -2.143981999999999971e+03 1.271496999999999935e+04 1.000000000000000020e+30 1.586281999999999925e+02 1.258579999999999927e+04 1.000000000000000020e+30 3.313657999999999902e+03 1.384782999999999993e+04 1.000000000000000020e+30 1.499355000000000018e+03 1.253332999999999993e+04 1.000000000000000020e+30 1.027626999999999953e+03 6.857141999999999825e+03 1.000000000000000020e+30 -4.117602999999999724e+02 6.613402000000000044e+03 1.000000000000000020e+30 -3.645788999999999760e+02 7.646860999999999876e+03 1.000000000000000020e+30
1.000000000000000020e+30 1.000000000000000020e+30 1.000000000000000020e+30 1.000000000000000020e+30 1.000000000000000020e+30 1.000000000000000020e+30 1.000000000000000020e+30 1.000000000000000020e+30 1.000000000000000020e+30 1.000000000000000020e+30 1.000000000000000020e+30 1.000000000000000020e+30 1.000000000000000020e+30 1.000000000000000020e+30 1.000000000000000020e+30 1.000000000000000020e+30 1.000000000000000020e+30 1.000000000000000020e+30 1.000000000000000020e+30 1.000000000000000020e+30 1.000000000000000020e+30 1.000000000000000020e+30 1.000000000000000020e+30 1.000000000000000020e+30 1.000000000000000020e+30 1.000000000000000020e+30 1.000000000000000020e+30 1.000000000000000020e+30 1.000000000000000020e+30 1.000000000000000020e+30 1.000000000000000020e+30 1.000000000000000020e+30 1.000000000000000020e+30 1.000000000000000020e+30 1.000000000000000020e+30 1.000000000000000020e+30 1.000000000000000020e+30 1.000000000000000020e+30 1.000000000000000020e+30 1.000000000000000020e+30 1.000000000000000020e+30 1.000000000000000020e+30 1.000000000000000020e+30 1.000000000000000020e+30 1.000000000000000020e+30 1.000000000000000020e+30 1.000000000000000020e+30 1.000000000000000020e+30 1.000000000000000020e+30 1.000000000000000020e+30 1.000000000000000020e+30 1.000000000000000020e+30 1.000000000000000020e+30 1.000000000000000020e+30
2.344025000000000000e+04 4.052687999999999738e+04 1.000000000000000020e+30 3.032997000000000116e+04 4.471270999999999913e+04 1.000000000000000020e+30 9.747763000000000829e+03 2.158786999999999807e+03 1.000000000000000020e+30 1.245604999999999927e+04 2.516686000000000058e+04 1.000000000000000020e+30 8.057591999999999643e+03 1.352562999999999920e+04 1.000000000000000020e+30 8.600156999999999243e+03 9.613324000000000524e+03 1.000000000000000020e+30 8.618657999999999447e+03 6.936378999999999905e+03 1.000000000000000020e+30 1.297014999999999964e+04 1.183712999999999920e+04 1.000000000000000020e+30 4.144251999999999680e+04 1.709558000000000175e+04 1.000000000000000020e+30 8.333604999999999563e+03 7.138922999999999774e+03 1.000000000000000020e+30 2.099211999999999989e+03 9.666852000000000089e+02 1.000000000000000020e+30 2.426161000000000058e+03 -1.404480999999999995e+03 1.000000000000000020e+30 2.274365999999999985e+03 -2.440239000000000047e+01 1.000000000000000020e+30 2.045071999999999889e+03 5.396177999999999884e+02 1.000000000000000020e+30 2.684492999999999938e+03 3.366895000000000095e+02 1.000000000000000020e+30 2.233219999999999800e+03 5.409651999999999816e+02 1.000000000000000020e+30 1.603394000000000005e+03 1.602875999999999976e+03 1.000000000000000020e+30 1.191778999999999996e+03 9.222349000000000387e+02 1.000000000000000020e+30
-6.067720999999999549e+03 1.950547999999999884e+05 1.000000000000000020e+30 9.005712999999999738e+03 1.503963999999999942e+05 1.000000000000000020e+30 4.051699000000000069e+03 8.880711000000000058e+04 1.000000000000000020e+30 3.718559999999999945e+03 5.534730999999999767e+04 1.000000000000000020e+30 7.994113000000000284e+03 4.956161000000000058e+04 1.000000000000000020e+30 1.021557999999999993e+04 5.129923999999999796e+04 1.000000000000000020e+30 1.032629000000000087e+04 3.238861000000000058e+04 1.000000000000000020e+30 8.116216000000000349e+03 5.821222000000000116e+04 1.000000000000000020e+30 1.709558000000000175e+04 2.142092000000000116e+05 1.000000000000000020e+30 1.235349999999999909e+03 4.253197000000000116e+04 1.000000000000000020e+30 -5.695223999999999478e+02 1.289546999999999935e+04 1.000000000000000020e+30 1.775986000000000104e+03 9.600532999999999447e+03 1.000000000000000020e+30 1.610336999999999989e+03 1.186386000000000058e+04 1.000000000000000020e+30 5.336553999999999860e+02 1.073622999999999956e+04 1.000000000000000020e+30 3.462096000000000231e+02 5.941947000000000116e+03 1.000000000000000020e+30 1.180160000000000082e+03 7.801096999999999753e+03 1.000000000000000020e+30 -7.697770000000000223e+00 6.577783999999999651e+03 1.000000000000000020e+30 -7.889556999999999789e+02 7.556060999999999694e+03 1.000000000000000020e+30
1.000000000000000020e+30 1.000000000000000020e+30 1.000000000000000020e+30 1.000000000000000020e+30 1.000000000000000020e+30 1.000000000000000020e+30 1.000000000000000020e+30 1.000000000000000020e+30 1.000000000000000020e+30 1.000000000000000020e+30 1.000000000000000020e+30 1.000000000000000020e+30 1.000000000000000020e+30 1.000000000000000020e+30 1.000000000000000020e+30 1.000000000000000020e+30 1.000000000000000020e+30 1.000000000000000020e+30 1.000000000000000020e+30 1.000000000000000020e+30 1.000000000000000020e+30 1.000000000000000020e+30 1.000000000000000020e+30 1.000000000000000020e+30 1.000000000000000020e+30 1.000000000000000020e+30 1.000000000000000020e+30 1.000000000000000020e+30 1.000000000000000020e+30 1.000000000000000020e+30 1.000000000000000020e+30 1.000000000000000020e+30 1.000000000000000020e+30 1.000000000000000020e+30 1.000000000000000020e+30 1.000000000000000020e+30 1.000000000000000020e+30 1.000000000000000020e+30 1.000000000000000020e+30 1.000000000000000020e+30 1.000000000000000020e+30 1.000000000000000020e+30 1.000000000000000020e+30 1.000000000000000020e+30 1.000000000000000020e+30 1.000000000000000020e+30 1.000000000000000020e+30 1.000000000000000020e+30 1.000000000000000020e+30 1.000000000000000020e+30 1.000000000000000020e+30 1.000000000000000020e+30 1.000000000000000020e+30 1.000000000000000020e+30
2.299563999999999942e+04 -2.876280999999999949e+03 1.000000000000000020e+30 1.941650999999999840e+04 7.071274999999999636e+03 1.000000000000000020e+30 1.198070000000000073e+04 1.269240000000000009e+03 1.000000000000000020e+30 1.038547999999999956e+04 4.137963999999999942e+03 1.000000000000000020e+30 6.676591999999999643e+03 4.435150999999999840e+03 1.000000000000000020e+30 6.619942000000000007e+03 5.182288999999999760e+03 1.000000000000000020e+30 5.768667000000000371e+03 1.143415999999999940e+03 1.000000000000000020e+30 5.293578000000000429e+03 2.969222000000000207e+03 1.000000000000000020e+30 8.333604999999999563e+03 1.235349999999999909e+03 1.000000000000000020e+30 2.792090999999999985e+04 8.985234000000000378e+03 1.000000000000000020e+30 4.864255000000000109e+03 5.690738999999999578e+03 1.000000000000000020e+30 1.911098999999999933e+03 8.715934999999999491e+02 1.000000000000000020e+30 2.148603999999999814e+03 -5.805094000000000278e+02 1.000000000000000020e+30 1.304021999999999935e+03 3.407988000000000284e+02 1.000000000000000020e+30 1.975544000000000096e+03 1.050143000000000029e+03 1.000000000000000020e+30 1.318250000000000000e+03 -1.541189999999999998e+02 1.000000000000000020e+30 1.797232999999999947e+03 -2.529462000000000046e+02 1.000000000000000020e+30 1.419873000000000047e+03 3.204460000000000264e+02 1.000000000000000020e+30
1.025775000000000000e+04 5.687701000000000204e+04 1.000000000000000020e+30 4.228218000000000029e+04 1.188731999999999971e+05 1.000000000000000020e+30 2.400695999999999913e+04 8.156599000000000524e+04 1.000000000000000020e+30 7.800128999999999905e+03 3.851518000000000029e+04 1.000000000000000020e+30 9.550587999999999738e+03 2.397863000000000102e+04 1.000000000000000020e+30 9.927953999999999724e+03 1.779915999999999985e+04 1.000000000000000020e+30 6.009975999999999658e+03 1.421762000000000080e+04 1.000000000000000020e+30 -2.393689999999999998e+02 1.722668000000000029e+04 1.000000000000000020e+30 7.138922999999999774e+03 4.253197000000000116e+04 1.000000000000000020e+30 8.985234000000000378e+03 1.561247000000000116e+05 1.000000000000000020e+30 3.813547000000000025e+03 3.027259000000000015e+04 1.000000000000000020e+30 6.549102000000000601e+01 8.301364999999999782e+03 1.000000000000000020e+30 2.643518000000000256e+02 5.168332000000000335e+03 1.000000000000000020e+30 4.775964999999999918e+02 7.863637999999999920e+03 1.000000000000000020e+30 9.598266999999999598e+02 3.990431000000000040e+03 1.000000000000000020e+30 6.779266000000000076e+02 4.841938000000000102e+03 1.000000000000000020e+30 7.248011999999999944e+02 4.956752999999999702e+03 1.000000000000000020e+30 -2.841875000000000000e+02 5.477792000000000371e+03 1.000000000000000020e+30
