4.44704000e+07 3.89238000e+07 -5.55494000e+06 6.64934000e+06 6.39236000e+06 2.55736000e+06 -2.09936000e+05 -6.33188000e+05 -1.26803000e+06 7.29310000e+05 4.58642000e+04 2.55916000e+06 2.47282000e+05 3.04160000e+05 4.55492000e+05 1.97721800e+05 5.76692000e+05 9.72440000e+04 8.99852000e+04 -1.06801800e+05 -1.28169600e+05
3.89238000e+07 2.11579000e+08 8.09296000e+07 6.14808000e+06 3.46404000e+07 1.59299000e+07 1.65399000e+06 4.42466000e+06 -5.55828000e+05 -8.12894000e+05 -8.52738000e+04 3.67412000e+06 -2.57358000e+05 7.12938000e+05 1.28342800e+06 -1.63188400e+05 -4.04834000e+05 -1.09664000e+06 5.63742000e+04 7.79278000e+05 -2.69242000e+05
-5.55494000e+06 8.09296000e+07 2.09687000e+08 3.35854000e+06 1.03120400e+07 6.36944000e+07 3.58412000e+06 3.75438000e+06 4.80048000e+06 2.06646000e+06 -4.24716000e+05 3.19600000e+06 -2.27246000e+05 -4.92668000e+05 -8.10924000e+05 1.55783000e+05 1.82652200e+05 -2.31338000e+05 4.43002000e+04 -1.59471200e+05 8.28834000e+05
6.64934000e+06 6.14808000e+06 3.35854000e+06 1.42169000e+07 1.76280000e+07 1.53930000e+06 2.88864000e+06 2.57554000e+06 -1.98591400e+06 4.81964000e+05 7.35112000e+05 1.66997000e+05 1.14060800e+05 2.20772000e+05 2.96994000e+05 2.29636000e+05 7.98484000e+04 1.71575000e+05 9.24164000e+04 1.90653800e+04 -2.52668000e+05
6.39236000e+06 3.46404000e+07 1.03120400e+07 1.76280000e+07 6.74542000e+07 3.67648000e+07 1.60352000e+06 1.30576600e+07 5.07740000e+06 1.29892000e+06 2.09854000e+06 4.25774000e+06 -2.28398000e+05 5.08444000e+05 8.15338000e+05 2.41482000e+04 7.61634000e+04 -4.20226000e+04 1.09607800e+05 6.09982000e+05 1.68828400e+05
2.55736000e+06 1.59299000e+07 6.36944000e+07 1.53930000e+06 3.67648000e+07 9.33503000e+07 1.35922200e+06 1.69468800e+06 2.07344000e+07 -2.80644000e+05 -1.15464000e+06 1.30115400e+06 -5.23644000e+05 -1.42307600e+06 -3.33170000e+05 -1.06228600e+04 1.65665400e+04 1.14854800e+06 6.17596000e+04 4.98228000e+05 1.31712200e+06
-2.09936000e+05 1.65399000e+06 3.58412000e+06 2.88864000e+06 1.60352000e+06 1.35922200e+06 4.54369000e+06 5.90016000e+06 7.93812000e+05 1.20606400e+06 9.98776000e+05 1.90953400e+05 7.51982000e+04 -8.97152000e+04 -1.48036400e+05 9.98112000e+04 -3.41658000e+04 1.64406200e+04 7.91468000e+04 1.33448200e+05 1.14622600e+05
-6.33188000e+05 4.42466000e+06 3.75438000e+06 2.57554000e+06 1.30576600e+07 1.69468800e+06 5.90016000e+06 2.55043000e+07 1.55298800e+07 1.14743200e+06 5.06176000e+06 2.17398000e+06 -1.03012200e+05 1.84170000e+05 -5.88010000e+05 -7.97450000e+04 1.44676000e+05 -1.62892000e+05 2.74852000e+04 4.50126000e+05 3.69718000e+05
-1.26803000e+06 -5.55828000e+05 4.80048000e+06 -1.98591400e+06 5.07740000e+06 2.07344000e+07 7.93812000e+05 1.55298800e+07 3.75055000e+07 -2.76370000e+05 1.11170600e+06 8.53718000e+06 1.43617600e+05 -3.32412000e+04 -8.34366000e+04 -3.97278000e+04 4.37038000e+05 6.84868000e+05 -4.73932000e+04 1.00347600e+05 6.90662000e+05
7.29310000e+05 -8.12894000e+05 2.06646000e+06 4.81964000e+05 1.29892000e+06 -2.80644000e+05 1.20606400e+06 1.14743200e+06 -2.76370000e+05 1.83115000e+06 1.95778400e+06 3.30998000e+05 8.77028000e+04 9.94140000e+04 5.98528000e+04 6.29484000e+04 -3.76826000e+04 -1.21443800e+05 7.66766000e+04 9.29892000e+04 3.11748000e+02
4.58642000e+04 -8.52738000e+04 -4.24716000e+05 7.35112000e+05 2.09854000e+06 -1.15464000e+06 9.98776000e+05 5.06176000e+06 1.11170600e+06 1.95778400e+06 1.00453000e+07 5.23412000e+06 1.24276000e+05 4.06102000e+05 2.55650000e+05 2.05800000e+04 4.28546000e+05 1.00796600e+05 4.21372000e+04 7.17098000e+05 3.09496000e+05
2.55916000e+06 3.67412000e+06 3.19600000e+06 1.66997000e+05 4.25774000e+06 1.30115400e+06 1.90953400e+05 2.17398000e+06 8.53718000e+06 3.30998000e+05 5.23412000e+06 1.48427000e+07 1.08780800e+05 2.18802000e+05 5.16316000e+05 7.18002000e+04 1.06817400e+05 3.61844000e+05 1.35443800e+05 2.65650000e+05 3.12988000e+05
2.47282000e+05 -2.57358000e+05 -2.27246000e+05 1.14060800e+05 -2.28398000e+05 -5.23644000e+05 7.51982000e+04 -1.03012200e+05 1.43617600e+05 8.77028000e+04 1.24276000e+05 1.08780800e+05 2.85405000e+05 2.80194000e+05 2.03266000e+04 9.11390000e+04 8.28668000e+04 1.46798800e+04 3.47998000e+04 5.02164000e+04 4.84396000e+04
3.04160000e+05 7.12938000e+05 -4.92668000e+05 2.20772000e+05 5.08444000e+05 -1.42307600e+06 -8.97152000e+04 1.84170000e+05 -3.32412000e+04 9.94140000e+04 4.06102000e+05 2.18802000e+05 2.80194000e+05 1.58319000e+06 9.01308000e+05 7.32416000e+04 5.05982000e+05 1.45202000e+05 5.23072000e+04 1.29539400e+05 6.23716000e+03
4.55492000e+05 1.28342800e+06 -8.10924000e+05 2.96994000e+05 8.15338000e+05 -3.33170000e+05 -1.48036400e+05 -5.88010000e+05 -8.34366000e+04 5.98528000e+04 2.55650000e+05 5.16316000e+05 2.03266000e+04 9.01308000e+05 2.54746000e+06 2.83976000e+03 1.17344400e+05 8.92254000e+05 8.08930000e+03 1.97061200e+04 6.45308000e+04
1.97721800e+05 -1.63188400e+05 1.55783000e+05 2.29636000e+05 2.41482000e+04 -1.06228600e+04 9.98112000e+04 -7.97450000e+04 -3.97278000e+04 6.29484000e+04 2.05800000e+04 7.18002000e+04 9.11390000e+04 7.32416000e+04 2.83976000e+03 1.75079000e+05 1.96488200e+05 4.53476000e+04 6.92220000e+04 5.30898000e+04 1.56045200e+04
5.76692000e+05 -4.04834000e+05 1.82652200e+05 7.98484000e+04 7.61634000e+04 1.65665400e+04 -3.41658000e+04 1.44676000e+05 4.37038000e+05 -3.76826000e+04 4.28546000e+05 1.06817400e+05 8.28668000e+04 5.05982000e+05 1.17344400e+05 1.96488200e+05 9.34628000e+05 4.93778000e+05 6.20470000e+04 3.31932000e+05 8.96342000e+04
9.72440000e+04 -1.09664000e+06 -2.31338000e+05 1.71575000e+05 -4.20226000e+04 1.14854800e+06 1.64406200e+04 -1.62892000e+05 6.84868000e+05 -1.21443800e+05 1.00796600e+05 3.61844000e+05 1.46798800e+04 1.45202000e+05 8.92254000e+05 4.53476000e+04 4.93778000e+05 1.52437000e+06 9.76538000e+03 7.12754000e+04 5.17810000e+05
8.99852000e+04 5.63742000e+04 4.43002000e+04 9.24164000e+04 1.09607800e+05 6.17596000e+04 7.91468000e+04 2.74852000e+04 -4.73932000e+04 7.66766000e+04 4.21372000e+04 1.35443800e+05 3.47998000e+04 5.23072000e+04 8.08930000e+03 6.92220000e+04 6.20470000e+04 9.76538000e+03 1.05383000e+05 1.07330400e+05 1.13836800e+04
-1.06801800e+05 7.79278000e+05 -1.59471200e+05 1.90653800e+04 6.09982000e+05 4.98228000e+05 1.33448200e+05 4.50126000e+05 1.00347600e+05 9.29892000e+04 7.17098000e+05 2.65650000e+05 5.02164000e+04 1.29539400e+05 1.97061200e+04 5.30898000e+04 3.31932000e+05 7.12754000e+04 1.07330400e+05 5.85786000e+05 2.80518000e+05
-1.28169600e+05 -2.69242000e+05 8.28834000e+05 -2.52668000e+05 1.68828400e+05 1.31712200e+06 1.14622600e+05 3.69718000e+05 6.90662000e+05 3.11748000e+02 3.09496000e+05 3.12988000e+05 4.84396000e+04 6.23716000e+03 6.45308000e+04 1.56045200e+04 8.96342000e+04 5.17810000e+05 1.13836800e+04 2.80518000e+05 8.77961000e+05
